-3.000000000000000000e+00 1.000000000000000000e+00
-2.984425980940428325e+00 1.036677657892472126e+00
-2.968752397443199964e+00 1.072699656694635406e+00
-2.952229087115092909e+00 1.110640754788435824e+00
-2.937527926004774859e+00 1.142527091926311966e+00
-2.923563288430783391e+00 1.172532894451951080e+00
-2.910621839248632714e+00 1.200244521198710501e+00
-2.897107282579267640e+00 1.228530175424184190e+00
-2.884570406656572050e+00 1.255279767987156125e+00
-2.871863777491626912e+00 1.282308053656647573e+00
-2.860820330114691501e+00 1.305038150717480860e+00
-2.850684954512688218e+00 1.326418447561085401e+00
-2.839425296360116757e+00 1.349334060103575261e+00
-2.828669861825526599e+00 1.368849216011525982e+00
-2.818267229420199360e+00 1.388723740503279069e+00
-2.807108083378530239e+00 1.408758388804927542e+00
-2.797642793651072601e+00 1.424979364457370057e+00
-2.787553378070853238e+00 1.442546221157505970e+00
-2.779889151063194230e+00 1.455754577210497169e+00
-2.771787700369064744e+00 1.469652442313539531e+00
-2.762610593424654315e+00 1.484303991607367035e+00
-2.755735617144821958e+00 1.496991173736826441e+00
-2.746916065763650661e+00 1.511565204818291486e+00
-2.739201479013323226e+00 1.525137405171127503e+00
-2.729302041330661233e+00 1.540281624369135294e+00
-2.721111915987602714e+00 1.553399399278601267e+00
-2.714993707214325536e+00 1.564190164835740360e+00
-2.709637855356270109e+00 1.573531464099491961e+00
-2.703863823580829440e+00 1.582862553686270601e+00
-2.695601272840943530e+00 1.593742523347972950e+00
-2.690254465680042895e+00 1.603949099308278337e+00
-2.683067450739316406e+00 1.614229611660243036e+00
-2.677858071380903482e+00 1.621711514016398681e+00
-2.672407057436684052e+00 1.631135776285015382e+00
-2.663267984523706389e+00 1.640770600876388707e+00
-2.655652755596512371e+00 1.651908055869422354e+00
-2.649794916988803539e+00 1.659596806503840005e+00
-2.642396807733823572e+00 1.666943860391412402e+00
-2.637238864488942180e+00 1.674534973106817981e+00
-2.631034803302920277e+00 1.682412886115511652e+00
-2.626255980902958420e+00 1.690375473185096622e+00
-2.620159939948911720e+00 1.698012396187927875e+00
-2.614626120974007151e+00 1.702514188581849108e+00
-2.611237764145858620e+00 1.707302259162520874e+00
-2.606589728970368114e+00 1.712811381016389412e+00
-2.602739786698538449e+00 1.720718497735636010e+00
-2.597258316229818398e+00 1.728019304826188485e+00
-2.591409782940399253e+00 1.734669085080542628e+00
-2.587386213644406574e+00 1.738829701398908689e+00
-2.581587425300645666e+00 1.748870497214095820e+00
-2.576503565145396024e+00 1.755180132561001916e+00
-2.571897217705753746e+00 1.760691025608405180e+00
-2.568197161966098374e+00 1.766470013079219470e+00
-2.564063957271444316e+00 1.771377862313631590e+00
-2.556826931665506120e+00 1.779410408293180312e+00
-2.553695525336706407e+00 1.782229317939624025e+00
-2.548683418178923965e+00 1.790014847753492067e+00
-2.543972769713535698e+00 1.795802380357867989e+00
-2.540038273912374578e+00 1.797909634546741353e+00
-2.535999131518229532e+00 1.803273996147362279e+00
-2.532625821525354759e+00 1.806893870459211460e+00
-2.529798497359790233e+00 1.810692619748631271e+00
-2.525693477473175630e+00 1.815095923948585099e+00
-2.523291072660509560e+00 1.818745440430493465e+00
-2.516835356140000979e+00 1.825422402920018339e+00
-2.511718447263002751e+00 1.830941793378214166e+00
-2.508721275884324697e+00 1.834036649402097874e+00
-2.504560898064465135e+00 1.838405687924333565e+00
-2.500820094451901454e+00 1.842495584599616265e+00
-2.497025694805606211e+00 1.846631692533675873e+00
-2.492935484168280702e+00 1.851821599123811835e+00
-2.489073707503094646e+00 1.855707444479693269e+00
-2.482125395928631573e+00 1.859246771133046705e+00
-2.477098560795000015e+00 1.863070936403290023e+00
-2.476138853229229664e+00 1.866470044037601639e+00
-2.470190048229289559e+00 1.871399379910784644e+00
-2.467465723973595537e+00 1.873565209387147323e+00
-2.461370163934384792e+00 1.877727544963442519e+00
-2.456398005270118201e+00 1.882261935595179514e+00
-2.450977202213722173e+00 1.885807524102653066e+00
-2.449174475054010536e+00 1.889040196299006658e+00
-2.445580039231993297e+00 1.891885963149007921e+00
-2.441507711563390526e+00 1.896103513842548605e+00
-2.436146743141744508e+00 1.898213806171620055e+00
-2.433148542918789570e+00 1.902237478358091316e+00
-2.425271694240184850e+00 1.910678454041413232e+00
-2.423896230287600595e+00 1.911214801869276059e+00
-2.422158458415948346e+00 1.912814430882572303e+00
-2.421266286808086310e+00 1.915219413378591140e+00
-2.420032914096170273e+00 1.917629081597591378e+00
-2.415583223939275825e+00 1.921904998716011947e+00
-2.409582960141758878e+00 1.926889409365482253e+00
-2.406293713810357726e+00 1.929259133919666303e+00
-2.399344658254817020e+00 1.934033655687272146e+00
-2.398280637570797680e+00 1.936897795991351812e+00
-2.395854955217938898e+00 1.938912690224930513e+00
-2.395418179672208048e+00 1.942156347574837350e+00
-2.391151450397645650e+00 1.943657157747552766e+00
-2.388244598343700176e+00 1.945019374520029709e+00
-2.383194325897793675e+00 1.947779483420366775e+00
-2.378858764054609942e+00 1.948488748650871294e+00
-2.376807285959635418e+00 1.950555156351451380e+00
-2.373765368890736749e+00 1.952488888381894716e+00
-2.370650285577287519e+00 1.952852665533444609e+00
-2.366395933575326627e+00 1.956101778958597492e+00
-2.365986766997320245e+00 1.958438456231340830e+00
-2.362767119740606159e+00 1.959782066922532318e+00
-2.360685948401269219e+00 1.961540268789478070e+00
-2.354975783749169160e+00 1.965060114329925556e+00
-2.352394001669630974e+00 1.967318912356517124e+00
-2.349434058882110321e+00 1.969728749261805412e+00
-2.346613108420077420e+00 1.973402213077312117e+00
-2.345874105026069856e+00 1.974526795767506560e+00
-2.341920454749534919e+00 1.978585433559607143e+00
-2.337450696448455378e+00 1.979536118121357102e+00
-2.331388943717517037e+00 1.986075352387866033e+00
-2.329071260875542837e+00 1.986217650106384847e+00
-2.327072729619157343e+00 1.987594563750083365e+00
-2.324542868288004716e+00 1.989671372730789978e+00
-2.322148056338256605e+00 1.991609020330369351e+00
-2.317766214279747050e+00 1.992935882657541624e+00
-2.311202521578610725e+00 1.996325837759945765e+00
-2.307262986573089592e+00 1.996787226947216221e+00
-2.304861138824752409e+00 1.996493084483258684e+00
-2.300441112801568710e+00 1.998092590568390614e+00
-2.295648939559466140e+00 2.000489401318369609e+00
-2.292367424409097243e+00 2.001517100736206700e+00
-2.288992239312726884e+00 2.002847099970919587e+00
-2.283134401790994250e+00 2.004257895352749674e+00
-2.281979625234094922e+00 2.005063024862106857e+00
-2.276929073081715327e+00 2.009121678865058325e+00
-2.274282605820881820e+00 2.010532424388649986e+00
-2.265001047517080313e+00 2.012189650927352691e+00
-2.260081836287859414e+00 2.013933075506580295e+00
-2.256223062342709085e+00 2.015224391637812751e+00
-2.255449286139006748e+00 2.016743530670762841e+00
-2.251468631536270415e+00 2.019047748422853950e+00
-2.247149868810471851e+00 2.023768126025390579e+00
-2.242696900549899564e+00 2.029466901902156284e+00
-2.235784493155005048e+00 2.032018656066239881e+00
-2.231580854916830781e+00 2.035046569439631803e+00
-2.227267452033296902e+00 2.037536456011413311e+00
-2.225178812770455927e+00 2.038814005629868920e+00
-2.224458163073966599e+00 2.039880387537006623e+00
-2.218491210149020176e+00 2.042411159456090530e+00
-2.215279951247894452e+00 2.043683878030379208e+00
-2.213822902540348636e+00 2.045655520366306934e+00
-2.213498038871129392e+00 2.046567687587307560e+00
-2.211640640340662323e+00 2.048287092246113605e+00
-2.209012931336523877e+00 2.049972552008638704e+00
-2.208571555100763195e+00 2.051354135837625936e+00
-2.205449339571547540e+00 2.053362750850250329e+00
-2.203817528651485169e+00 2.054510064302364380e+00
-2.201652002277026288e+00 2.055869910685790281e+00
-2.194486729679790304e+00 2.058462629704289615e+00
-2.192610081668376232e+00 2.059234521273492380e+00
-2.188238926066117251e+00 2.060523343068851432e+00
-2.184601945009190249e+00 2.060920193852376237e+00
-2.182808532749574759e+00 2.061535076146733925e+00
-2.180835105220357839e+00 2.064070123833172232e+00
-2.175599247588565710e+00 2.064231399081035256e+00
-2.174160626959962705e+00 2.064673113585899777e+00
-2.172230606817798115e+00 2.066380305661349226e+00
-2.170793063117193000e+00 2.068731988526526511e+00
-2.168805504299226694e+00 2.073424058453549712e+00
-2.168244711221682497e+00 2.075955606367279938e+00
-2.167943352657466960e+00 2.076206391892215564e+00
-2.166910977593340615e+00 2.077473007396136051e+00
-2.160529882507448374e+00 2.076014983561951244e+00
-2.158857437029857440e+00 2.078121325645166273e+00
-2.157452883351480111e+00 2.078565510508563197e+00
-2.156662294620188103e+00 2.079478494074578521e+00
-2.151983645138123791e+00 2.080045581736950755e+00
-2.150411146570318621e+00 2.080720588683973915e+00
-2.149028104566839126e+00 2.081305951187468750e+00
-2.146401506110053869e+00 2.082670304071719602e+00
-2.144411734549153348e+00 2.086850113742386270e+00
-2.141536894858786511e+00 2.086526044214202180e+00
-2.138560811694391273e+00 2.087025110997879018e+00
-2.131937785220191728e+00 2.091302313511082644e+00
-2.128817773030607263e+00 2.092423732695119831e+00
-2.124474945133722592e+00 2.092933856539951343e+00
-2.123747063704267912e+00 2.095715514151263559e+00
-2.120302636274383534e+00 2.097908048031456474e+00
-2.121479652251662351e+00 2.102094952828205354e+00
-2.120692217620562037e+00 2.102234816221187241e+00
-2.114888160105962367e+00 2.102155723774377538e+00
-2.111170658765376462e+00 2.105850798321342143e+00
-2.106957885644532347e+00 2.107778116596805251e+00
-2.103444290441767173e+00 2.109840472023530200e+00
-2.102892754003359954e+00 2.110439332955067027e+00
-2.100650649299618866e+00 2.111184141798120084e+00
-2.096955733019320256e+00 2.111175576328705006e+00
-2.095377772620982348e+00 2.110333040469058563e+00
-2.093972857979725877e+00 2.110071688732699791e+00
-2.089872626919144327e+00 2.110787144296700557e+00
-2.087138284904188179e+00 2.110023475945736138e+00
-2.085552677418681000e+00 2.111229766922110951e+00
-2.084176979086962866e+00 2.112763204719485088e+00
-2.081782451552080193e+00 2.116744311550388336e+00
-2.080484813204075856e+00 2.117011273276301786e+00
-2.079960445926801071e+00 2.118171254946306981e+00
-2.071484588777462665e+00 2.119769037213850016e+00
-2.071023015120914135e+00 2.119891485264827846e+00
-2.068419188409377885e+00 2.123852072497672605e+00
-2.066080520899504780e+00 2.124515278459799816e+00
-2.062419455897307241e+00 2.125481145740723665e+00
-2.060725490248627167e+00 2.125604364547782676e+00
-2.060424549653316895e+00 2.126974412279941884e+00
-2.058525873150310215e+00 2.128100510685741131e+00
-2.056324523159850592e+00 2.129101941434235812e+00
-2.055051482812657149e+00 2.130119534562933126e+00
-2.053247626604647103e+00 2.130659197224967549e+00
-2.049633265393556947e+00 2.131180978762953426e+00
-2.048254660916878134e+00 2.131843064343505567e+00
-2.047711960900079120e+00 2.132065499962476629e+00
-2.045034134212331711e+00 2.132485978767754364e+00
-2.043115306255253394e+00 2.132896618936792610e+00
-2.040924984015365151e+00 2.133426270468484098e+00
-2.033504543074955428e+00 2.133402966950403989e+00
-2.030844811770802671e+00 2.135336647066909066e+00
-2.027127038039865159e+00 2.134686469222516703e+00
-2.026672025560053658e+00 2.135164956670962955e+00
-2.024776591988086683e+00 2.136276370318738405e+00
-2.023413076171617142e+00 2.136143626684561703e+00
-2.020522028373133328e+00 2.136586739036104188e+00
-2.020554622935948341e+00 2.136527306451218244e+00
-2.021073320952616825e+00 2.137117165337950819e+00
-2.017584036694629379e+00 2.139399921604405286e+00
-2.014050031277597963e+00 2.139729673878138172e+00
-2.011569205784251135e+00 2.139634772010250874e+00
-2.011548395855037086e+00 2.141210941167670523e+00
-2.004839278139398662e+00 2.142233057198024149e+00
-2.002438148249779282e+00 2.141815065650571004e+00
-1.996979301727786149e+00 2.141424727306865616e+00
-1.993924209128355995e+00 2.140194582023252856e+00
-1.990233113189938674e+00 2.141176999796116753e+00
-1.988960525538368884e+00 2.141947663746076813e+00
-1.988535149147148351e+00 2.142289609955806196e+00
-1.989858082266221517e+00 2.143220606603757350e+00
-1.987431839831025782e+00 2.145721819002775366e+00
-1.985778049833335945e+00 2.147920107674557322e+00
-1.979527363401342832e+00 2.151557062871121584e+00
-1.976925363933285329e+00 2.152011069052186532e+00
-1.975168217615534960e+00 2.153790391362676360e+00
-1.971044161655938209e+00 2.156412347065136625e+00
-1.968866106741118394e+00 2.157565389037547021e+00
-1.968494705031128111e+00 2.157615163041914030e+00
-1.968255912407447017e+00 2.157606753270118638e+00
-1.967793642487182915e+00 2.157679408994332082e+00
-1.967201411403786571e+00 2.157862603435723781e+00
-1.965696999271868917e+00 2.158200783460530570e+00
-1.965096638899356041e+00 2.158420639408944464e+00
-1.964499048274772397e+00 2.158484620870205983e+00
-1.962363547000648634e+00 2.158383138262045087e+00
-1.961797244721140032e+00 2.157857587222350215e+00
-1.956448666349118959e+00 2.156561933737708880e+00
-1.954966847401485630e+00 2.158605433653378647e+00
-1.948291195410382537e+00 2.158945500217339664e+00
-1.945247107004025811e+00 2.159459039073289954e+00
-1.943927666924575748e+00 2.160430339410271738e+00
-1.938592904294960784e+00 2.160264547895744958e+00
-1.936989127464845861e+00 2.161109772046606370e+00
-1.935539942898839572e+00 2.163037664025940110e+00
-1.936305204630218491e+00 2.164661764984051828e+00
-1.934177006734050019e+00 2.165347454894491985e+00
-1.932319067356867759e+00 2.166941944476430404e+00
-1.929998963382085764e+00 2.167323915350969354e+00
-1.924870139453018991e+00 2.166898434980940369e+00
-1.917952629450320190e+00 2.167915320319925065e+00
-1.918508631475600357e+00 2.168185299977423597e+00
-1.913537381976934348e+00 2.165262263786635000e+00
-1.910620508981164090e+00 2.165912089949719288e+00
-1.907028782439301517e+00 2.166282289459628974e+00
-1.903553274688474906e+00 2.166457043691953466e+00
-1.901309232838425123e+00 2.165928630695591384e+00
-1.901217627361242890e+00 2.165889623125912600e+00
-1.893259766968142577e+00 2.168308760391274514e+00
-1.885907791622921437e+00 2.165840206388581546e+00
-1.882831553311710593e+00 2.166425314042053074e+00
-1.875995598492950611e+00 2.167274216854296220e+00
-1.874403439030261520e+00 2.167395629422826264e+00
-1.873919557773781497e+00 2.169470939242895469e+00
-1.869367875798922718e+00 2.169974874078807847e+00
-1.866478221748412381e+00 2.170351695122578750e+00
-1.867554203770916743e+00 2.171081826625968603e+00
-1.861632950002346076e+00 2.170671992115385418e+00
-1.862044163966357413e+00 2.171676599501861205e+00
-1.858311461803651587e+00 2.172189084789016622e+00
-1.855577510067133895e+00 2.172547863575266636e+00
-1.855060033311867418e+00 2.174660222158013578e+00
-1.851881419981396881e+00 2.178799381500535759e+00
-1.850837541978689327e+00 2.178365759873345464e+00
-1.843624569029600702e+00 2.176310509922827041e+00
-1.840532562057274557e+00 2.176330623065100500e+00
-1.840758885953983404e+00 2.179295044762677325e+00
-1.838606330934321464e+00 2.178669806816352583e+00
-1.839113576848305343e+00 2.180181434340034308e+00
-1.838325484932545884e+00 2.181447711080677809e+00
-1.835338801619175841e+00 2.181523068684742661e+00
-1.831285373109557746e+00 2.181293037979757710e+00
-1.831972651124762708e+00 2.181584627942118715e+00
-1.831769972685231673e+00 2.181614231398248283e+00
-1.831119122518315878e+00 2.182156532246212421e+00
-1.826941476153427946e+00 2.181269218630196072e+00
-1.825902011276685277e+00 2.182564068663437773e+00
-1.825574367714547730e+00 2.182494065442404541e+00
-1.825138469446099476e+00 2.181999527837592989e+00
-1.824653368611119708e+00 2.181843256728155378e+00
-1.822305007653175490e+00 2.182717529169691417e+00
-1.820834544759821316e+00 2.183624168837430268e+00
-1.818146197941630016e+00 2.184596961777669044e+00
-1.813235578845159512e+00 2.184884863938531208e+00
-1.807239573695981649e+00 2.184255392944692620e+00
-1.806670212219886773e+00 2.185167293802610544e+00
-1.805777831059462102e+00 2.185611174255668754e+00
-1.805466977113176164e+00 2.185003023259719068e+00
-1.803997716017086583e+00 2.185549475399277242e+00
-1.800979490964780494e+00 2.185142064015053620e+00
-1.800862669343591849e+00 2.186105834218419641e+00
-1.800248531802846719e+00 2.186282642720855929e+00
-1.798505975375787269e+00 2.187074454304180904e+00
-1.796158649518116102e+00 2.187277111147005737e+00
-1.795669702212849828e+00 2.187854356455506188e+00
-1.788642527487567468e+00 2.192201734577469807e+00
-1.785959789309894408e+00 2.192354874030716605e+00
-1.785897509859295518e+00 2.192358827109702979e+00
-1.784163525784344007e+00 2.191321155178534319e+00
-1.783979520344775915e+00 2.191483400404645732e+00
-1.783052973868416213e+00 2.193175679366133668e+00
-1.781697285419000742e+00 2.194708035183005279e+00
-1.780474066500331798e+00 2.194496410107068307e+00
-1.778477968545338017e+00 2.194393722328547014e+00
-1.776287237705969080e+00 2.194138470763995041e+00
-1.775384309288152274e+00 2.195183434069948536e+00
-1.774527627299812060e+00 2.194398983704179962e+00
-1.772976174289139673e+00 2.194571627225518018e+00
-1.770418001378095907e+00 2.193983525381051791e+00
-1.768167006591653267e+00 2.193046564037925084e+00
-1.767138969673799131e+00 2.192785747185325373e+00
-1.756870216328895840e+00 2.189830130116425799e+00
-1.751905246329646726e+00 2.188198792390642300e+00
-1.750999730581951352e+00 2.187943134830710790e+00
-1.748022345657409771e+00 2.187709194392441159e+00
-1.746320204703837531e+00 2.186734738901208175e+00
-1.745387160642950741e+00 2.186667144856846878e+00
-1.741657122491574894e+00 2.185585388382305094e+00
-1.738504200133232258e+00 2.187559997924857669e+00
-1.738034951005649864e+00 2.187478517349831897e+00
-1.736965612113747337e+00 2.187106982894205576e+00
-1.730183867476210668e+00 2.186739741492956579e+00
-1.727517572042422955e+00 2.187821118162414091e+00
-1.726965655771563579e+00 2.188130653996845254e+00
-1.726062843891297938e+00 2.187980530786067579e+00
-1.722562064633190948e+00 2.187014318473245122e+00
-1.722691960260112731e+00 2.186954416063657369e+00
-1.725673924041281504e+00 2.187367358423289776e+00
-1.726018314683574806e+00 2.187675600789071417e+00
-1.725867475063693313e+00 2.188471586730655449e+00
-1.724212329400235610e+00 2.189392075994407882e+00
-1.721056204026888636e+00 2.189815423160026864e+00
-1.720486561327088104e+00 2.189677626797915888e+00
-1.719814873637185215e+00 2.191363291916173406e+00
-1.718137601556201099e+00 2.192066818694334174e+00
-1.718246492153525873e+00 2.192257115168031234e+00
-1.711126404670211709e+00 2.190056784416623437e+00
-1.708999854278079544e+00 2.189040299132014145e+00
-1.709007786044341115e+00 2.189110290647117374e+00
-1.708178889113772581e+00 2.188973505528567287e+00
-1.706363572416840668e+00 2.188559078256601342e+00
-1.706229158855416594e+00 2.188583901673283094e+00
-1.704607063282604251e+00 2.188219861837962021e+00
-1.705806900119570368e+00 2.194807326099104117e+00
-1.705422900309920387e+00 2.194908529097548300e+00
-1.705049082183147213e+00 2.194454919823784156e+00
-1.705124329233829394e+00 2.195022929569340864e+00
-1.704300580143536026e+00 2.196237136872906781e+00
-1.701599343726501345e+00 2.196609469383155933e+00
-1.701102815694918169e+00 2.196499743041495645e+00
-1.700036484387150049e+00 2.196401307355773547e+00
-1.697945877995808539e+00 2.195664725336244238e+00
-1.697975210365301191e+00 2.195652012016508170e+00
-1.697760479345593154e+00 2.195556121131621907e+00
-1.698077273063292258e+00 2.195375723845092608e+00
-1.696670854277214424e+00 2.195715407699977195e+00
-1.693832054696088552e+00 2.195744034400605837e+00
-1.692786356459492270e+00 2.195190695664730463e+00
-1.693790705352738568e+00 2.196784254183802965e+00
-1.691285768090440067e+00 2.197177409899748302e+00
-1.689766329187741389e+00 2.196859054391641752e+00
-1.687840525979277917e+00 2.195473664784139078e+00
-1.687565358618019484e+00 2.195609449336517915e+00
-1.685071966338626881e+00 2.196923974514128908e+00
-1.682021084443317660e+00 2.196446602454357855e+00
-1.676178322826850753e+00 2.196159269883166232e+00
-1.675821014562963285e+00 2.196262483421786094e+00
-1.675402553868543087e+00 2.196067966688940221e+00
-1.672814816208942013e+00 2.196812811045447233e+00
-1.672365442644112132e+00 2.197481652264051455e+00
-1.669230054375220984e+00 2.197032869230584939e+00
-1.670078940983265481e+00 2.199564698724182588e+00
-1.668534634169279496e+00 2.200179019197241903e+00
-1.668560306330936216e+00 2.200191072548832061e+00
-1.667392395266561689e+00 2.199645365367522309e+00
-1.664723429468583760e+00 2.200278746011204323e+00
-1.664908387174871329e+00 2.201928342165626606e+00
-1.664680916129250621e+00 2.202167942745777651e+00
-1.662909809882655798e+00 2.200600316659339306e+00
-1.659724718700271495e+00 2.200629613828570363e+00
-1.657223075462749495e+00 2.200781142832823889e+00
-1.654098488654850652e+00 2.200098566156880597e+00
-1.651060745059782509e+00 2.199985336691078874e+00
-1.647545501791962463e+00 2.202911422527432439e+00
-1.647456247881602609e+00 2.203498774731106113e+00
-1.644253338046910873e+00 2.200915320987333335e+00
-1.643122741793892949e+00 2.201527129235481883e+00
-1.640766809557645090e+00 2.200243667496398992e+00
-1.641145300382896410e+00 2.199805387536124091e+00
-1.640889726871453291e+00 2.200077911505940342e+00
-1.639676787315620610e+00 2.198211408518396581e+00
-1.641421841407342264e+00 2.200014893465537913e+00
-1.640122184007980044e+00 2.200290105773742066e+00
-1.638144976298877564e+00 2.196767932327652773e+00
-1.637225683285556954e+00 2.195888062611150993e+00
-1.636562350408366395e+00 2.195241284082893873e+00
-1.635543086636331189e+00 2.195640451119092784e+00
-1.636472409008905560e+00 2.195250989802296715e+00
-1.634228937199322385e+00 2.192230429555258375e+00
-1.632783824224279146e+00 2.192785378305482258e+00
-1.629239496396974518e+00 2.192819072175029138e+00
-1.628889026606112900e+00 2.193346378372226457e+00
-1.627986903098281868e+00 2.193048795691580732e+00
-1.624777295353081241e+00 2.193076016387738747e+00
-1.623441571921544480e+00 2.194116145522765571e+00
-1.622680121468141445e+00 2.195153057208220737e+00
-1.621875000678247858e+00 2.195343143563893484e+00
-1.621851181288241239e+00 2.195694491979590435e+00
-1.621022227874127086e+00 2.194150587763743943e+00
-1.619542438014821339e+00 2.195592701947255865e+00
-1.619443287855087066e+00 2.197641330264178627e+00
-1.619254571908464113e+00 2.197492664932445550e+00
-1.616260934770449964e+00 2.196286442482827450e+00
-1.614381528927320231e+00 2.194784689576147585e+00
-1.612885763662043059e+00 2.194382220479864198e+00
-1.611260255207112246e+00 2.194089103837168153e+00
-1.608692539101184371e+00 2.194653385433824155e+00
-1.609104942470109600e+00 2.194577897890471974e+00
-1.609022446101691539e+00 2.194742036669161234e+00
-1.607708652993761422e+00 2.194631132148148644e+00
-1.605633438290724246e+00 2.195121623869077609e+00
-1.603996556735106438e+00 2.194873861496675183e+00
-1.602637433854646520e+00 2.193592786457321253e+00
-1.599671103715763376e+00 2.194412591168827920e+00
-1.597059816101063179e+00 2.197070426600004733e+00
-1.596583501166302321e+00 2.198516582136745168e+00
-1.595436634054880232e+00 2.201430731562469045e+00
-1.594163498547855662e+00 2.201604952277148808e+00
-1.592748373345353574e+00 2.198972292730346112e+00
-1.592843306011451077e+00 2.199926771658526459e+00
-1.593140173284692596e+00 2.199199735084495622e+00
-1.591570520367532771e+00 2.196949142511389397e+00
-1.591828820636360220e+00 2.196513175670902651e+00
-1.589230631806261895e+00 2.196963636475807835e+00
-1.589243078136459264e+00 2.196714300673947129e+00
-1.586304737980498425e+00 2.194975676587411328e+00
-1.584129643524931241e+00 2.195783984964738700e+00
-1.583994544197737442e+00 2.195846923443319110e+00
-1.582524905032723694e+00 2.195386362752262954e+00
-1.582206435767461894e+00 2.195766868772520919e+00
-1.581762699788029858e+00 2.195915676837762120e+00
-1.581854731252744006e+00 2.197666806897867975e+00
-1.579978474265158139e+00 2.197350108439501515e+00
-1.578449914572443324e+00 2.197849737004066384e+00
-1.577980246281320387e+00 2.198154091462870330e+00
-1.576246028526501863e+00 2.197314102235426336e+00
-1.574479155614646908e+00 2.195963855635646667e+00
-1.572434156349596046e+00 2.196513788298694703e+00
-1.572921525999888326e+00 2.196070638311391487e+00
-1.573230292551194509e+00 2.196751356265512989e+00
-1.572640287267338621e+00 2.197080393694466061e+00
-1.572474988106219440e+00 2.197452714470037982e+00
-1.571275039352447278e+00 2.197451822699684865e+00
-1.568572621161869129e+00 2.196581644647308984e+00
-1.567947535956437877e+00 2.197055493298142093e+00
-1.567731653373026335e+00 2.195449151188777037e+00
-1.567669312349568633e+00 2.193645536279169583e+00
-1.568720155042498066e+00 2.195538812219042679e+00
-1.566554211109020267e+00 2.194465171306672513e+00
-1.566140402899910633e+00 2.194055118168065199e+00
-1.563503725385477550e+00 2.194337962701292888e+00
-1.561035754476258308e+00 2.189993134923853724e+00
-1.560747120842084446e+00 2.189970153765015581e+00
-1.560095147436835417e+00 2.188994040232094651e+00
-1.556739652773617255e+00 2.187326605392971413e+00
-1.556811664324388111e+00 2.187297321107197323e+00
-1.556822083010128921e+00 2.188585861075456052e+00
-1.557211344983011614e+00 2.187325165549867556e+00
-1.556989823988208510e+00 2.188623340024413721e+00
-1.554447542635457591e+00 2.190892799194045892e+00
-1.551047979023356449e+00 2.189334969971121314e+00
-1.551795215916945470e+00 2.191444369824359306e+00
-1.547618553656928908e+00 2.187610709120374253e+00
-1.544650554846242363e+00 2.188367336632102145e+00
-1.543936403972267835e+00 2.189185657806702157e+00
-1.542386129271959172e+00 2.189208371472414427e+00
-1.541577521549049923e+00 2.189088697826897523e+00
-1.541602924603724833e+00 2.192423332632943200e+00
-1.542774861463485525e+00 2.193151301283137844e+00
-1.540098290883276766e+00 2.192194231062091436e+00
-1.540037704636138649e+00 2.191158310912636242e+00
-1.538345784626246937e+00 2.191166203106426735e+00
-1.537155559147355133e+00 2.192993946834484564e+00
-1.537491659050295167e+00 2.193289918420332718e+00
-1.537699932247877266e+00 2.193506373450225588e+00
-1.537634452334428525e+00 2.194069731367336296e+00
-1.537440208821861498e+00 2.195317088228359470e+00
-1.539070276240918300e+00 2.196227653315262263e+00
-1.538347484217934547e+00 2.195736927970447727e+00
-1.534047582950813782e+00 2.195052480046546073e+00
-1.531996420724206498e+00 2.195468355742464794e+00
-1.532275652309172953e+00 2.195916669941957888e+00
-1.531629006280745831e+00 2.196324715652631987e+00
-1.532406556419618759e+00 2.197300143673659889e+00
-1.530409307123875129e+00 2.196400362981960619e+00
-1.529516451114150577e+00 2.195492110881569925e+00
-1.528512351097889077e+00 2.194200138456923632e+00
-1.529007813362878165e+00 2.194113169691779497e+00
-1.529758420979636435e+00 2.195783766765407208e+00
-1.529349097006913238e+00 2.196020326777367249e+00
-1.527864060695635073e+00 2.195519976582223975e+00
-1.525035719388772248e+00 2.194276258069017604e+00
-1.524871105351561118e+00 2.194360159150607892e+00
-1.526852934147400198e+00 2.192475910879014389e+00
-1.526463933305501675e+00 2.192121498038026139e+00
-1.526218394608013229e+00 2.191127247230237884e+00
-1.525316120390374675e+00 2.190451208030956387e+00
-1.524856912868955083e+00 2.190742277618868972e+00
-1.524301505915090393e+00 2.190772099790327054e+00
-1.523930868373303493e+00 2.191157590869271310e+00
-1.523961396129166257e+00 2.190725356359841225e+00
-1.523578149068710585e+00 2.192573375888000609e+00
-1.524154262470712506e+00 2.190626229241262379e+00
-1.522507109424100946e+00 2.189841769464903276e+00
-1.519971490258971603e+00 2.192101283057485972e+00
-1.520597946440749526e+00 2.187705776287128590e+00
-1.521747348327726623e+00 2.188001193737437511e+00
-1.518046188430924870e+00 2.187428368972146764e+00
-1.517978757539471646e+00 2.187495918969461606e+00
-1.515963537116693072e+00 2.187470608383808024e+00
-1.514891946876637085e+00 2.187445837587423725e+00
-1.513854051898703146e+00 2.185902567967926924e+00
-1.513252515847868906e+00 2.186420776791815346e+00
-1.512120094187829444e+00 2.185905461053803123e+00
-1.511461738287561252e+00 2.186335304535212742e+00
-1.511354377516077596e+00 2.186861780874103989e+00
-1.509882953123178106e+00 2.185984665013922079e+00
-1.510829764674561204e+00 2.186636019588057867e+00
-1.509791672611950908e+00 2.183710268531705800e+00
-1.509466219939936682e+00 2.184405065553999492e+00
-1.510344450541671879e+00 2.184780694788030164e+00
-1.508971397211308796e+00 2.184133861171164703e+00
-1.507665547432377240e+00 2.184406224321916667e+00
-1.506164709542438418e+00 2.184974381630774953e+00
-1.509663068419043741e+00 2.183596210610479815e+00
-1.509152502748011049e+00 2.184191148535752358e+00
-1.508208330281510801e+00 2.184522091752707951e+00
-1.506740766057534042e+00 2.183944911288285162e+00
-1.506300969812226942e+00 2.183728059501710117e+00
-1.504810097722049989e+00 2.181617201443264431e+00
-1.504351634550627148e+00 2.181720182373468653e+00
-1.500406305542458352e+00 2.180914330276645163e+00
-1.502321797998490194e+00 2.183430761217223459e+00
-1.499881195515160970e+00 2.183202017270402973e+00
-1.499652740267566342e+00 2.183535197107264292e+00
-1.499608582068826523e+00 2.184720001589781191e+00
-1.498887688938217444e+00 2.184489430364529472e+00
-1.499241488173441939e+00 2.185162832988222892e+00
-1.500410765703266591e+00 2.184356039428679175e+00
-1.500170938907579909e+00 2.184364209758465236e+00
-1.499936233736080649e+00 2.184357835844524587e+00
-1.499521472895658070e+00 2.182571026987740304e+00
-1.498744806633707238e+00 2.182320305752570189e+00
-1.497618606890463999e+00 2.181327361813026222e+00
-1.499976031483835515e+00 2.183988508111215587e+00
-1.500063975382871728e+00 2.185620699354132057e+00
-1.499354154730930144e+00 2.184424677884402755e+00
-1.499649168701946644e+00 2.184589731175818450e+00
-1.500492099287313197e+00 2.181280845609612218e+00
-1.499539363078311816e+00 2.181327304893176944e+00
-1.499231335422576139e+00 2.181685300854508291e+00
-1.499459156303272422e+00 2.181564860672668527e+00
-1.498769277106998477e+00 2.181148529084901533e+00
-1.497380666024911822e+00 2.180240866120751964e+00
-1.494178249420547777e+00 2.178710886272079872e+00
-1.495299875567957404e+00 2.178658674117476490e+00
-1.493321177458956095e+00 2.176954050170453403e+00
-1.494295261757061732e+00 2.174404667868998331e+00
-1.491186863059044354e+00 2.171835198465618344e+00
-1.491401189555078055e+00 2.171907951676258275e+00
-1.489697078990870116e+00 2.170630517071823640e+00
-1.489207737304229173e+00 2.170278264666572365e+00
-1.489152204571154714e+00 2.170336777855571331e+00
-1.487021120769260962e+00 2.170185000674811349e+00
-1.487167966344703052e+00 2.170050977259301295e+00
-1.487284418444255962e+00 2.168223248068454456e+00
-1.487279630501079364e+00 2.168168821578409400e+00
-1.486243048860509619e+00 2.168836620417847527e+00
-1.486037495733095959e+00 2.169095129377403897e+00
-1.484330228076154334e+00 2.168570967613760558e+00
-1.477899019955307036e+00 2.166616022564167743e+00
-1.478417345967873553e+00 2.164508967193124800e+00
-1.479539787100587089e+00 2.161708447754370876e+00
-1.479514537408228358e+00 2.161679293181853367e+00
-1.478997394933702303e+00 2.160943245821686620e+00
-1.480944915297552678e+00 2.159368868936015762e+00
-1.480441949429338377e+00 2.159101238181726945e+00
-1.482635311821069335e+00 2.158896665599386200e+00
-1.483644192715368293e+00 2.158511261772830814e+00
-1.481395594520043435e+00 2.155625607204479710e+00
-1.479820103429450473e+00 2.152918583858975943e+00
-1.479233474905386370e+00 2.152360418714666768e+00
-1.478527669710529846e+00 2.151712676530637136e+00
-1.477969529632288559e+00 2.152612357216286743e+00
-1.477411083565175476e+00 2.151665558712807069e+00
-1.477262910148107622e+00 2.151643956151491288e+00
-1.475221175395963646e+00 2.151785729809601477e+00
-1.474410456940362879e+00 2.151306489657637488e+00
-1.474449573446702466e+00 2.151772503160487737e+00
-1.474934972988056980e+00 2.151728964034541391e+00
-1.474802811265127467e+00 2.151339088493671614e+00
-1.475068440415068238e+00 2.149203919931352846e+00
-1.474966852545505303e+00 2.148737622521407431e+00
-1.474903867222810083e+00 2.148797830673101039e+00
-1.474228160306416457e+00 2.146278938548705550e+00
-1.473477232637033341e+00 2.145193625286609063e+00
-1.471592077073520244e+00 2.145219828989052946e+00
-1.470418915767153667e+00 2.145402415903156168e+00
-1.468934046766987356e+00 2.145555836649642778e+00
-1.467259519583952176e+00 2.145327877195677857e+00
-1.469363658396185990e+00 2.146073221325598190e+00
-1.468279207255759333e+00 2.146119212884206373e+00
-1.469248637630786503e+00 2.148296563748569810e+00
-1.469309471850602344e+00 2.145836015703246780e+00
-1.470377685586780725e+00 2.144366535809286933e+00
-1.470630925888460450e+00 2.145729471677485289e+00
-1.469599057891419758e+00 2.143499825414061810e+00
-1.468849189817804213e+00 2.143695051009342212e+00
-1.469205262850096227e+00 2.143101463306757992e+00
-1.467984397772507110e+00 2.142552208207427977e+00
-1.468380210984084888e+00 2.143042393892812036e+00
-1.467955424126977215e+00 2.143050605692874200e+00
-1.467081395000147337e+00 2.142879173888515343e+00
-1.469310786602969987e+00 2.144187914518448146e+00
-1.469571809889989256e+00 2.143860483441198284e+00
-1.471111894278201104e+00 2.144255439895805804e+00
-1.472040489333454438e+00 2.145514849085119913e+00
-1.472667190925917247e+00 2.146002704594212496e+00
-1.472381957122015361e+00 2.146952849184283973e+00
-1.473493472891869160e+00 2.147373137831743328e+00
-1.474027147647923641e+00 2.148946126053027150e+00
-1.473687687901288124e+00 2.152172359374562305e+00
-1.473174965338581943e+00 2.151754609704051635e+00
-1.472048484963322190e+00 2.152076779142550134e+00
-1.473845539884399036e+00 2.150955482267784546e+00
-1.471521514143272036e+00 2.150498154908723869e+00
-1.471749070406194404e+00 2.150042619414593403e+00
-1.471721339018494445e+00 2.149934333855870516e+00
-1.469761837764986367e+00 2.149281288427839165e+00
-1.466960659139113776e+00 2.148675904094270006e+00
-1.466958619667570352e+00 2.148707280365722561e+00
-1.467484306629758262e+00 2.147719486851839221e+00
-1.469737192680118820e+00 2.146931460803693348e+00
-1.467013432654459271e+00 2.146676838418439370e+00
-1.466354282882685212e+00 2.146627611648341372e+00
-1.466278921931058576e+00 2.146961804549402331e+00
-1.466798379595377844e+00 2.147080011282785694e+00
-1.468273647765868883e+00 2.148404058063894340e+00
-1.468237724976746428e+00 2.148373292753257946e+00
-1.466611213276146408e+00 2.147559420416067955e+00
-1.464553660133427471e+00 2.146865787043697349e+00
-1.464759422600815153e+00 2.145987620331339052e+00
-1.464924196069729012e+00 2.145636804681736898e+00
-1.465618405131043467e+00 2.145828746889183680e+00
-1.465654201458620909e+00 2.145721519749667294e+00
-1.465703383415659422e+00 2.146006691226149066e+00
-1.465384856732987240e+00 2.147430222386288001e+00
-1.463738725433316068e+00 2.147915440556966260e+00
-1.465217190242114498e+00 2.149955311666784663e+00
-1.465538070790989300e+00 2.150587555742844881e+00
-1.467582386928447225e+00 2.150032593455228902e+00
-1.467691468310812208e+00 2.150563517464437968e+00
-1.466093357782715989e+00 2.147759638939237270e+00
-1.464940451192802584e+00 2.144787935542042501e+00
-1.463625454443559848e+00 2.143012755217713394e+00
-1.461902580574464983e+00 2.143009926345397442e+00
-1.461729156472812319e+00 2.142809041242066836e+00
-1.463211607658190916e+00 2.143865037813975860e+00
-1.459320591590819838e+00 2.141724289377162638e+00
-1.456637052739112814e+00 2.140668125349044271e+00
-1.456267802790261578e+00 2.139336829435969367e+00
-1.457822184551181177e+00 2.140821005129614818e+00
-1.456273055969980357e+00 2.140241916125010579e+00
-1.455103234593956518e+00 2.141678646046667023e+00
-1.454229289324376007e+00 2.140655281951866495e+00
-1.453934792196744930e+00 2.138958303381382819e+00
-1.454524387927488061e+00 2.137553149175779321e+00
-1.451983502983727359e+00 2.139226650899271220e+00
-1.451478112556057631e+00 2.138368828107810149e+00
-1.448983241090944896e+00 2.139706286754212261e+00
-1.448076857651318994e+00 2.139731004870141451e+00
-1.448220111086622852e+00 2.139823356954185574e+00
-1.448065765145729156e+00 2.138453012527575581e+00
-1.447984713591477846e+00 2.138167666315006876e+00
-1.447084299490189796e+00 2.135858004125924747e+00
-1.446814548580642290e+00 2.136389829666984319e+00
-1.446673457615291980e+00 2.136434271422880560e+00
-1.447063031659560739e+00 2.135139043406548254e+00
-1.446954449257313202e+00 2.134974030994526206e+00
-1.446275461973270060e+00 2.132137573360858074e+00
-1.444405957724597567e+00 2.132692846117743457e+00
-1.444677203549176392e+00 2.132817165473985810e+00
-1.444743288887853971e+00 2.132574172168864912e+00
-1.444706476881697510e+00 2.134499899976461279e+00
-1.444463951322998652e+00 2.133510395476768462e+00
-1.444073147319567596e+00 2.132323637475869393e+00
-1.444650374403501081e+00 2.133858085466472154e+00
-1.445960115511850663e+00 2.134579831993293819e+00
-1.447775325971532911e+00 2.133314413086855765e+00
-1.446590543231268011e+00 2.134879254248433167e+00
-1.447047269983842366e+00 2.136325492830847050e+00
-1.447662096426809875e+00 2.137058991778563399e+00
-1.448642362980706810e+00 2.138292958872208605e+00
-1.447480422708373515e+00 2.139010037502800277e+00
-1.447495263558278511e+00 2.139037573597239561e+00
-1.448924321336310328e+00 2.139014190565228013e+00
-1.448330402153367391e+00 2.137894661019075215e+00
-1.446811802037275774e+00 2.137158161421316649e+00
-1.446812040469040106e+00 2.137605327462508420e+00
-1.446779722228197285e+00 2.138648585915793987e+00
-1.446876229645270406e+00 2.136633091933641815e+00
-1.446847002684123140e+00 2.137824041201985992e+00
-1.447779152367550282e+00 2.138055537983394316e+00
-1.446913199511226544e+00 2.138296391251842898e+00
-1.445806803617363245e+00 2.138406428270182236e+00
-1.445797773703571654e+00 2.138411224626392659e+00
-1.448042840001983356e+00 2.138692821093321150e+00
-1.448784160240471852e+00 2.138901042548950304e+00
-1.447946282143239838e+00 2.138472996538280491e+00
-1.448004964954773488e+00 2.139148690251691409e+00
-1.446534385415548574e+00 2.138479363140997513e+00
-1.445874681273015439e+00 2.138835714025770773e+00
-1.444672347553275893e+00 2.138411205462600329e+00
-1.444137974857428119e+00 2.136797347253434065e+00
-1.443513226757070722e+00 2.136700739652554137e+00
-1.446525796595302893e+00 2.134130781810134714e+00
-1.446441261961109781e+00 2.133818273779464647e+00
-1.444892373358770854e+00 2.134103232553368201e+00
-1.444757935631515444e+00 2.132790449215087758e+00
-1.443769218170867230e+00 2.132992422551157841e+00
-1.443646599339260872e+00 2.133496265142317050e+00
-1.443665717856519981e+00 2.132802899127527407e+00
-1.440599936904924494e+00 2.131392251554334205e+00
-1.439637529631082158e+00 2.130155700499961391e+00
-1.439464515219895269e+00 2.130467060362464249e+00
-1.440260444002195994e+00 2.128896887446076303e+00
-1.438716563690526362e+00 2.127470061694007430e+00
-1.437476014164596139e+00 2.128183109089010205e+00
-1.437258915994497732e+00 2.127821803106717535e+00
-1.436779798371968564e+00 2.126962515359995809e+00
-1.434841137851305737e+00 2.126550818751935079e+00
-1.434091826124136659e+00 2.126683649262367748e+00
-1.434702125313799259e+00 2.127502846447612672e+00
-1.434559372545261446e+00 2.128371809735788212e+00
-1.434937670037734092e+00 2.125835084051605595e+00
-1.433725803837361257e+00 2.126154698280812827e+00
-1.432191837990163474e+00 2.124826033733808739e+00
-1.432232114943680079e+00 2.125526623388306557e+00
-1.431488244280512134e+00 2.125571744075735126e+00
-1.431195067695833378e+00 2.125922350520153437e+00
-1.432969160635398698e+00 2.124568948205513230e+00
-1.432543634938759247e+00 2.125100783766167289e+00
-1.431793925679465840e+00 2.126715764592590485e+00
-1.431024470200832344e+00 2.127134512418551004e+00
-1.430036636979511888e+00 2.126172625871982191e+00
-1.429610409924094494e+00 2.126771414728972687e+00
-1.428541018284520403e+00 2.125906523981933915e+00
-1.429798444394378087e+00 2.125722584429856177e+00
-1.428404384653968906e+00 2.125529343088714551e+00
-1.428481905500599503e+00 2.125195411359567021e+00
-1.429773103524005329e+00 2.124813262936159575e+00
-1.428807752841685152e+00 2.125034038167423756e+00
-1.427732241092983578e+00 2.123329727757023999e+00
-1.426372985693586282e+00 2.124696743847978464e+00
-1.424890981514408850e+00 2.122726176246440666e+00
-1.423481855161531584e+00 2.121220679403676979e+00
-1.422531758555110049e+00 2.121894279132170436e+00
-1.422739272077263806e+00 2.120726880966838479e+00
-1.421889825628443349e+00 2.120119789286160739e+00
-1.416840978624900327e+00 2.118751831947652597e+00
-1.417068563735107256e+00 2.117919090045894848e+00
-1.417054117763411503e+00 2.115868678550268278e+00
-1.417641053111159843e+00 2.114055292218211868e+00
-1.417820330664788964e+00 2.113985015857502425e+00
-1.419080860706202651e+00 2.113238823964814106e+00
-1.418817109488211159e+00 2.112896626078638818e+00
-1.417423192931894782e+00 2.112530222823745252e+00
-1.416040426700856170e+00 2.112537637597125872e+00
-1.415688716924658364e+00 2.112062870109452373e+00
-1.415799200734555230e+00 2.111885609060633051e+00
-1.416095443734141091e+00 2.111770760877381026e+00
-1.415196204329410401e+00 2.110217592591794311e+00
-1.414935210589634229e+00 2.109904382385683785e+00
-1.416428559701503165e+00 2.109851213408028059e+00
-1.419090641746922898e+00 2.108526238758138494e+00
-1.417640032691499963e+00 2.108444608265573450e+00
-1.417558682564839856e+00 2.108180236172970012e+00
-1.418216829423871284e+00 2.107490360610094093e+00
-1.416137732371051117e+00 2.107795274424036247e+00
-1.416802008869394669e+00 2.106769221381035617e+00
-1.415880479999456654e+00 2.106581952003651725e+00
-1.414245125724912677e+00 2.106687373664090313e+00
-1.412986692702380198e+00 2.105852022589873140e+00
-1.412145239758078930e+00 2.106439882541568220e+00
-1.410770711700282565e+00 2.105059786675004041e+00
-1.414084345989485625e+00 2.106379955920352653e+00
-1.413988877386104681e+00 2.106176210511351510e+00
-1.413700722716779490e+00 2.105503788283163313e+00
-1.413391169220507004e+00 2.107281445944831688e+00
-1.413245387720711843e+00 2.107698830675019508e+00
-1.413392351364551214e+00 2.106334098991222703e+00
-1.413502598300828916e+00 2.105743388332210753e+00
-1.412078258140353704e+00 2.104856027111215333e+00
-1.411789611178561721e+00 2.104985234475315270e+00
-1.410801022066396682e+00 2.104246366500966303e+00
-1.412562239965285737e+00 2.105371550351921694e+00
-1.413776831824753000e+00 2.103038274788849638e+00
-1.415176806184951452e+00 2.104854907267472264e+00
-1.416565090243280034e+00 2.104871570344383880e+00
-1.416387626895302398e+00 2.104144802696361172e+00
-1.414528165381286229e+00 2.103414000964950681e+00
-1.413585251166941115e+00 2.102353472450639860e+00
-1.413251309010119083e+00 2.104567655086497791e+00
-1.414059477487616290e+00 2.105290936130045143e+00
-1.413567510252908166e+00 2.105468832415688052e+00
-1.413524793151570647e+00 2.105502560598385475e+00
-1.412264013540931229e+00 2.106377967425035802e+00
-1.413023417048246966e+00 2.105678155808067498e+00
-1.412678996916575835e+00 2.105566992661634274e+00
-1.414390270575494046e+00 2.106325002793179468e+00
-1.414407178295859158e+00 2.105299327054994674e+00
-1.414204309607205667e+00 2.105569441148692711e+00
-1.415788229910003526e+00 2.108222275175435367e+00
-1.416291616059891290e+00 2.109088730809191681e+00
-1.416237108783248821e+00 2.108813327826219997e+00
-1.417979074112130755e+00 2.109315351453329157e+00
-1.420175577041072223e+00 2.108780578269439765e+00
-1.419900625949870099e+00 2.108268386918480619e+00
-1.419405030585463967e+00 2.108370673851033938e+00
-1.418205135567082831e+00 2.105945934763942873e+00
-1.416686535039181072e+00 2.105173523025684279e+00
-1.416570701573232283e+00 2.105099688625232890e+00
-1.417418503661138418e+00 2.104713293924718620e+00
-1.416160396249144471e+00 2.105917560199519478e+00
-1.414061064010118551e+00 2.105763138002575197e+00
-1.413245247934499682e+00 2.105272974306385603e+00
-1.416135232732843585e+00 2.105250567089118174e+00
-1.415062459496425395e+00 2.104405890909927468e+00
-1.416085612524864867e+00 2.107042360420356086e+00
-1.417365895335334303e+00 2.106859954697311021e+00
-1.416777189014877036e+00 2.106232043718308411e+00
-1.416156575702842702e+00 2.105370392108339317e+00
-1.415681836374377500e+00 2.104891166237990330e+00
-1.415726713952576210e+00 2.105007708045134152e+00
-1.415865983151347152e+00 2.105461585516985590e+00
-1.415349665861908246e+00 2.105336763143570433e+00
-1.417543155923559839e+00 2.106230415973792791e+00
-1.417547051128065005e+00 2.106218920531247374e+00
-1.418729826011327022e+00 2.109949592249308115e+00
-1.417629031360871039e+00 2.107444061374232458e+00
-1.417399494963232698e+00 2.107409907898155410e+00
-1.417139236029294258e+00 2.109299391990731021e+00
-1.416621802933464958e+00 2.109057192974511441e+00
-1.416257204314232743e+00 2.108283786807869209e+00
-1.411562700328392816e+00 2.105128918357551893e+00
-1.410681652714568912e+00 2.104948129487194564e+00
-1.409543907292591935e+00 2.102314347666765393e+00
-1.407633392139723938e+00 2.102186360868738557e+00
-1.406559105326768977e+00 2.101605488484453055e+00
-1.405778454119215759e+00 2.102470698621353939e+00
-1.406410926659450222e+00 2.103862697593263054e+00
-1.405690787158551114e+00 2.103151275537905374e+00
-1.405312469930003916e+00 2.102584553364251096e+00
-1.406051789156149701e+00 2.103396975856396622e+00
-1.404011725776321606e+00 2.100306353091083267e+00
-1.404180468251720715e+00 2.101059775090215354e+00
-1.403737670167424234e+00 2.101510978207447256e+00
-1.404204553637378616e+00 2.103279845391867298e+00
-1.404340114437941045e+00 2.103592448080100930e+00
-1.404098980603856184e+00 2.105254763943459562e+00
-1.404548505272811276e+00 2.104122584081263625e+00
-1.404475523673318182e+00 2.104185583769290879e+00
-1.404628629069234691e+00 2.104291472135241925e+00
-1.405016878950503090e+00 2.104294430108381686e+00
-1.404807485159585090e+00 2.103691111271019043e+00
-1.407240448920781484e+00 2.103807482058116296e+00
-1.406770196637813886e+00 2.102458027562980725e+00
-1.407075299479762842e+00 2.102219555483730851e+00
-1.406915299836398958e+00 2.101565034364721196e+00
-1.407860113614485043e+00 2.101861960192778156e+00
-1.407494320300248125e+00 2.100639466860628080e+00
-1.407807946666886245e+00 2.098328089980373790e+00
-1.407437378671111627e+00 2.098834414018049266e+00
-1.407564117540899273e+00 2.098684386685946812e+00
-1.408020471218036418e+00 2.099030567683429993e+00
-1.408099160219087764e+00 2.098014792517141291e+00
-1.405875816075414342e+00 2.096615693536893588e+00
-1.404545254679629096e+00 2.097140180004833265e+00
-1.404182175740305683e+00 2.096553414974308360e+00
-1.406882894538960205e+00 2.096351892071897538e+00
-1.407361338390850536e+00 2.096465966785043822e+00
-1.406914088857007306e+00 2.095775711831594723e+00
-1.405798604056897716e+00 2.095489298364832997e+00
-1.405681689842994686e+00 2.095729969870576248e+00
-1.403454808424824618e+00 2.094196563581980808e+00
-1.403049484801371705e+00 2.095031593036295270e+00
-1.404459477725701344e+00 2.095193324889255138e+00
-1.404934191210035710e+00 2.092655766924567562e+00
-1.405516148061846993e+00 2.092796366002412700e+00
-1.405467188800324063e+00 2.092365328610056974e+00
-1.402731435070848409e+00 2.094558449326463734e+00
-1.403154427638712454e+00 2.093211043606360011e+00
-1.405225667874165030e+00 2.092109035581352749e+00
-1.405369725523749169e+00 2.092107935823538156e+00
-1.405191713838450429e+00 2.092539889214976689e+00
-1.403820097379837595e+00 2.093837011141440385e+00
-1.404454285591761886e+00 2.093461726261310663e+00
-1.405865665694573385e+00 2.092376942195985023e+00
-1.405337465357435311e+00 2.092373442406285644e+00
-1.404874135703697124e+00 2.092924613072353779e+00
-1.404826265347403735e+00 2.092717300637767952e+00
-1.405896027630446632e+00 2.093073231588567840e+00
-1.406699343524041135e+00 2.092243230235192097e+00
-1.405985281979071244e+00 2.091744359536547027e+00
-1.406117828777675882e+00 2.092863779354888543e+00
-1.404852851377564438e+00 2.093359677847129507e+00
-1.405706349258085464e+00 2.092996076231480096e+00
-1.403966124754784550e+00 2.092058154852569185e+00
-1.403735359984459752e+00 2.092085959894192104e+00
-1.404410169641583828e+00 2.091710975697517405e+00
-1.403358183209778787e+00 2.091017964786829442e+00
-1.401853017374800503e+00 2.090533533442755054e+00
-1.403188434699536025e+00 2.091310076712671329e+00
-1.402771972170937298e+00 2.092787994181501077e+00
-1.400916514730274232e+00 2.092548704787737357e+00
-1.399887957441078079e+00 2.094463656985642075e+00
-1.400914768820684886e+00 2.095383260283044891e+00
-1.402149130174344283e+00 2.093279786633906348e+00
-1.402341270675879770e+00 2.093017879742772980e+00
-1.402501086689469600e+00 2.092291983257938970e+00
-1.401749789647556144e+00 2.093841965559112062e+00
-1.401283644111038118e+00 2.094127934353273712e+00
-1.402817540888460224e+00 2.093429253995815920e+00
-1.401602109192750634e+00 2.092497430862624963e+00
-1.401103612187698078e+00 2.092444592606624187e+00
-1.398400900805966351e+00 2.091807264870913841e+00
-1.398403124304659295e+00 2.091673988052986655e+00
-1.398109191824679964e+00 2.090949107643320648e+00
-1.399212725629307208e+00 2.091059900496901047e+00
-1.400891401099487732e+00 2.091339077168758998e+00
-1.400853123060343375e+00 2.091416892401286365e+00
-1.401339215072591182e+00 2.092217468500438216e+00
-1.402830087466459652e+00 2.091441932532335013e+00
-1.402908098150095872e+00 2.091892475502656890e+00
-1.402779609035905706e+00 2.092493523598889293e+00
-1.403095521062113216e+00 2.091827280976340742e+00
-1.404094182616136388e+00 2.089212822132731961e+00
-1.404671213167844490e+00 2.089571544609649667e+00
-1.405387167557753836e+00 2.092031608795024589e+00
-1.404520245179868843e+00 2.092039768069948291e+00
-1.404496916756913016e+00 2.092359239438154273e+00
-1.405090540805370658e+00 2.093159420635679169e+00
-1.405230760113557187e+00 2.092841459479130251e+00
-1.403571450576884372e+00 2.093582237933985013e+00
-1.402081500515602430e+00 2.092667259891927145e+00
-1.401706634164064935e+00 2.092129990805377648e+00
-1.401842349157919942e+00 2.092211349656388553e+00
-1.400499171238534624e+00 2.093218950454342142e+00
-1.399057364207561882e+00 2.094136191221982912e+00
-1.400254403097877187e+00 2.094007249275146698e+00
-1.398979299429516043e+00 2.095403392384814989e+00
-1.400105795353170812e+00 2.094679512834837443e+00
-1.399506732771534256e+00 2.094147389250596625e+00
-1.397972537202996524e+00 2.094287382041827072e+00
-1.397597937471964036e+00 2.094047757493617379e+00
-1.397625099356486267e+00 2.093184563583713409e+00
-1.396700506080739812e+00 2.093190549597896855e+00
-1.397188933252754506e+00 2.093060042218048533e+00
-1.399943504415131823e+00 2.093310667100550582e+00
-1.399497741640802317e+00 2.093792079802343942e+00
-1.399039374641208866e+00 2.095167677627962188e+00
-1.399638108848904716e+00 2.094212425378332743e+00
