7.361345500817280119e-01
7.557296699740952972e-01
7.675219455405601909e-01
7.836255579681578043e-01
7.931254489418897435e-01
8.015906505134368087e-01
8.172784429733355172e-01
8.257536617501904930e-01
8.389132274907981079e-01
8.400850510077634281e-01
8.486927822897627482e-01
8.540756772899635862e-01
8.597096047751469072e-01
8.622557236865379116e-01
8.657226081685786001e-01
8.717338699764883847e-01
8.755010140570377297e-01
8.828287887573926795e-01
8.822597066593353965e-01
8.862355207464553963e-01
8.900868639199535082e-01
8.932712079218289025e-01
8.887123818880130477e-01
8.950932739535099048e-01
9.038094657959890865e-01
9.003527334232788171e-01
9.024253413330662887e-01
9.000629044809606016e-01
9.059187452010686314e-01
9.084400110556604124e-01
9.065532067051412790e-01
9.082305211581254145e-01
9.077459223295246682e-01
9.096450276394861811e-01
9.099512206339972487e-01
9.118203286586300527e-01
9.133854722976084695e-01
9.160463084010682655e-01
9.163525077514771411e-01
9.120072913761969602e-01
9.165789165934383753e-01
9.167106583142364817e-01
9.188385469926212412e-01
9.199137434180311157e-01
9.201391826842838517e-01
9.245850072944538089e-01
9.221759362881756239e-01
9.196730721012347232e-01
9.198698234252677963e-01
9.201988631688636788e-01
9.210705719811116410e-01
9.249262062100022108e-01
9.240032639824390381e-01
9.240928803569121719e-01
9.253103562393537596e-01
9.246534010902691669e-01
9.266883060161505981e-01
9.268941830667760673e-01
9.245692055013520205e-01
9.285451418782340038e-01
9.278799055581846700e-01
9.273642863782486367e-01
9.284241296917716824e-01
9.306734380803994844e-01
9.331013417360272122e-01
9.314157305459449532e-01
9.285291934571374695e-01
9.299049332328717110e-01
9.335736400661285295e-01
9.309128491990974474e-01
9.302255485308752458e-01
9.324776401144513338e-01
9.326960064239439019e-01
9.315578110849442872e-01
9.313285458210022183e-01
9.335342124757451954e-01
9.323442764675353711e-01
9.335333675713420876e-01
9.296063802057551451e-01
9.335326603101896659e-01
9.352768356006488926e-01
9.328847458716839069e-01
9.358123428008967570e-01
9.350129194453201675e-01
9.321711208884013722e-01
9.334697710719666031e-01
9.331727768560518221e-01
9.334141329282942268e-01
9.380276961673847946e-01
9.367965962771734878e-01
9.390344205449743242e-01
9.346758087644146951e-01
9.383948958974164256e-01
9.377575336060376410e-01
9.389447975862328377e-01
9.370201331496678110e-01
9.369439121274139026e-01
9.369620503810607293e-01
9.326326692874603586e-01
9.343271005099389459e-01
9.375804340446745044e-01
9.357559145468954398e-01
9.354534956398974366e-01
9.362161536856615784e-01
9.378033823116769252e-01
9.330304579863415437e-01
9.379871428646000542e-01
9.343185394479244232e-01
9.364564260273746665e-01
9.384423544991087329e-01
9.384886911184397995e-01
9.382203328756366645e-01
9.377797297587092684e-01
9.369569000030349981e-01
9.388877480981285828e-01
9.405028189152586648e-01
9.399272596081025277e-01
9.380962150977877334e-01
9.392209250444741864e-01
9.367390003065353410e-01
9.392287350222492393e-01
9.399791802298600452e-01
9.419432872019560810e-01
9.400257474760523868e-01
9.385584438645874217e-01
9.417179037993362867e-01
9.377528842525325592e-01
9.420447498192664471e-01
9.404622689750468112e-01
9.377246092253851417e-01
9.407278435040435927e-01
9.424818786739515009e-01
9.401253115760234147e-01
9.399859043912626166e-01
9.405618871253573765e-01
9.372094514797338904e-01
9.399042591774265931e-01
9.418439184226659044e-01
9.448699329052693274e-01
9.430920669033189263e-01
9.435288018649808928e-01
9.416480162239864171e-01
9.424679098693876655e-01
9.439971026060237635e-01
9.456390441926849633e-01
9.447044347120701069e-01
9.436051071874239637e-01
9.404868986828625044e-01
9.420005304198554308e-01
9.406276507510700213e-01
9.404768735268881352e-01
9.421269091057383749e-01
9.402719938568758762e-01
9.456091456314498211e-01
9.438725701227713705e-01
9.428472543120863802e-01
9.411544795245705419e-01
9.449526557661284132e-01
9.436112543749464177e-01
9.448809951082570713e-01
9.400816881436515615e-01
9.426531176812601442e-01
9.446632829550954957e-01
9.427628197211503913e-01
9.400577993125917020e-01
9.416121630756171257e-01
9.429912230508847859e-01
9.473876981669866471e-01
9.415353599447382482e-01
9.468537222884251259e-01
9.410456769045613123e-01
9.420122874545867608e-01
9.453927697876119973e-01
9.453973129107010598e-01
9.418145963705700785e-01
9.443166791436522489e-01
9.456217442308855192e-01
9.450141083050356272e-01
9.436588466230190209e-01
9.456898050249796794e-01
9.424867057522683389e-01
9.448741762195295157e-01
9.428651172309142625e-01
9.450956568848681849e-01
9.470673859409833861e-01
9.439110928871092820e-01
9.431505669950813742e-01
9.460489671703017356e-01
9.439509121429724425e-01
9.460172900754180159e-01
9.424821560189811098e-01
9.453364022900978547e-01
9.458282492608176550e-01
9.456587019633933000e-01
9.462794894485926367e-01
9.452539363018329643e-01
9.453557982346998401e-01
9.440421415237751912e-01
9.462284980938484580e-01
9.493640171581085863e-01
9.472971058581743931e-01
9.453153811462480238e-01
9.463184136332685181e-01
9.478680991364418773e-01
9.454384827076676157e-01
9.435012571390146707e-01
9.464817583077764773e-01
9.482462290007330763e-01
9.467085052683039681e-01
9.447008476936543664e-01
9.488165553553162823e-01
9.462182054102978856e-01
9.456032861480654361e-01
9.449435976270845750e-01
9.474083956937529027e-01
9.469620032905216034e-01
9.491402271552999981e-01
9.451466113803652647e-01
9.465385023783648988e-01
9.437790016732198195e-01
9.474587634518639723e-01
9.468657736916622492e-01
9.467739592355305378e-01
9.498666984400895297e-01
9.460063029021216208e-01
9.464802154546578805e-01
9.474723627242005453e-01
9.473648400258667390e-01
9.487704494264307398e-01
9.493494409876996887e-01
9.489319298505388689e-01
9.469710418516336103e-01
9.466747103205748193e-01
9.449792705439264973e-01
9.459544228419319856e-01
9.492448123458127052e-01
9.477525775696167276e-01
9.459580609544547825e-01
9.465708419293134002e-01
9.467532348032482448e-01
9.466944169600065573e-01
9.502030060814842249e-01
9.470521100962334682e-01
9.479498227988578662e-01
9.466884266011856841e-01
9.488848352791304785e-01
9.476708959369425367e-01
9.475689996526585057e-01
9.476131414184598700e-01
9.462485805516650528e-01
9.501005250671599178e-01
9.466696739210779254e-01
9.470695845862159290e-01
9.477629263933379233e-01
9.485640112669905255e-01
9.473663140237789104e-01
9.464168494959549482e-01
9.477326306796164390e-01
9.479939639485782665e-01
9.486063199514712663e-01
9.482726508843104529e-01
9.522186065954733047e-01
9.467723799577677513e-01
9.482782158814966333e-01
9.466212913788342176e-01
9.487254125210849987e-01
9.467813244564936559e-01
9.502996525218319057e-01
9.467318223940637267e-01
9.484739120443778093e-01
9.470114934617718250e-01
9.500287625662156010e-01
9.503447931160399209e-01
9.477956613390243756e-01
9.484872571724323187e-01
9.463625498314519602e-01
9.500318234259357286e-01
9.453461947802729304e-01
9.481022688554164857e-01
9.470354174508442968e-01
9.489559118882472388e-01
9.476884962604683604e-01
9.506066746930521560e-01
9.468071518501149919e-01
9.486001291930510337e-01
9.517215642099922102e-01
9.491465595852380810e-01
9.474096464400906248e-01
9.481174609498186356e-01
9.513378330947572792e-01
9.504404670814480260e-01
9.470207699696981951e-01
9.516079265871617565e-01
9.492564089347796941e-01
9.496453587995897783e-01
9.489380442470712884e-01
9.498716943377047972e-01
9.483857214504822775e-01
9.521312202365219690e-01
9.516458223436925490e-01
9.508887744362174432e-01
9.480296530350457163e-01
9.505029610093138626e-01
9.496359360743782396e-01
9.518267225589674974e-01
9.490698712052723085e-01
9.516358182119115661e-01
9.471678481644564274e-01
9.490664908721532234e-01
9.450693658781839090e-01
9.480294073286453793e-01
9.480251834661412857e-01
9.523254449597912119e-01
9.500696053780560701e-01
9.479938382979595790e-01
9.483420775641340228e-01
9.503870455959103625e-01
9.494919097285270393e-01
9.471738340188897709e-01
9.515706882902906782e-01
9.491027378630739753e-01
9.514312042649480938e-01
9.498986270780193086e-01
9.463399868001942661e-01
9.508717906111897600e-01
9.484126980137495000e-01
9.500344393339935634e-01
9.514368024124063572e-01
9.476536699557438492e-01
9.470724804054558854e-01
9.487728112323212670e-01
9.487909330814452424e-01
9.490502145500316900e-01
9.505648598863091214e-01
9.500340638252777747e-01
9.518223057437690260e-01
9.481737951008294418e-01
9.477969772562020445e-01
9.505274351233434782e-01
9.488362477719880506e-01
9.485302691325278035e-01
9.503571255492997416e-01
9.515933942943588519e-01
9.512819441608276749e-01
9.498606927962909285e-01
9.499383408597136258e-01
9.514347874577886444e-01
9.512488936747445223e-01
9.510492434092733260e-01
9.489159038484360487e-01
9.500538968981038224e-01
9.516747963803982024e-01
9.508816034692347818e-01
9.485525650346493531e-01
9.516897322846042950e-01
9.514484270806169430e-01
9.496714251072402302e-01
9.502425558178642095e-01
9.481619559140883613e-01
9.485851741930032555e-01
9.512363086723366612e-01
9.520588350849168435e-01
9.463605860438262241e-01
9.503328884887641825e-01
9.512210788475113921e-01
9.511883165071297608e-01
9.521650572993823891e-01
9.484913143914518452e-01
9.499542877815125852e-01
9.523174380581838072e-01
9.495824115587674363e-01
9.505909919086212856e-01
9.526826968008488272e-01
9.535866778699394475e-01
9.488542316110208930e-01
9.497531814471997791e-01
9.497736197207995446e-01
9.490818636801965358e-01
9.493609927045228991e-01
9.534354955629266160e-01
9.511264242811818814e-01
9.498451083318933952e-01
9.532050457016099099e-01
9.484964823211342599e-01
9.492322629509448717e-01
9.505110298280228243e-01
9.512471186085689201e-01
9.518870093262077337e-01
9.527017925844487589e-01
9.511311732176945810e-01
9.479411905127328453e-01
9.519707594657689231e-01
9.492016582093292243e-01
9.521948561116114762e-01
9.488667367352591198e-01
9.520657210218600452e-01
9.498881555109129904e-01
9.486965011008617887e-01
9.532006152290435352e-01
9.520360078778916657e-01
9.511202511061276343e-01
9.527746083137330624e-01
9.495519414626885091e-01
9.484141224558362282e-01
9.511622067936985614e-01
9.493143880821327540e-01
9.469205158397231425e-01
9.523932643037094081e-01
9.530005689230627297e-01
9.509305226888369322e-01
9.491251814284284993e-01
9.526274276097438376e-01
9.466463189781901821e-01
9.480927949031582314e-01
9.504283395282544511e-01
9.486620017894141776e-01
9.488211924721605683e-01
9.505317350472760607e-01
9.531592413719295331e-01
9.495900220401028990e-01
9.506304841844810394e-01
9.511613897589017430e-01
9.543102789448987266e-01
9.485455700437019910e-01
9.484579459110710209e-01
9.508021005758893196e-01
9.483128596440678626e-01
9.460505987757563684e-01
9.510933273797964604e-01
9.489658080568273979e-01
9.511390550088854035e-01
9.548047901289898887e-01
9.500451662549613818e-01
9.520796878973603050e-01
9.510052477170535257e-01
9.496511879178333171e-01
9.541622010217868377e-01
9.521934091000064937e-01
9.526018297157503589e-01
9.516734163750171227e-01
9.489746461792232246e-01
9.469856359126749279e-01
9.499661679701247863e-01
9.500438842738522238e-01
9.504297336603635404e-01
9.521353011769068120e-01
9.530303874507303208e-01
9.497579754556734200e-01
9.496122328468731277e-01
9.509483548472523751e-01
9.500641398076674626e-01
9.535085898613679944e-01
9.481782076278171267e-01
9.525989995769906793e-01
9.512934395088170625e-01
9.498229987751389825e-01
9.497423726331708504e-01
9.472379348424065926e-01
9.485442509821173651e-01
9.513910461589195622e-01
9.499571887740597687e-01
9.493834003531226307e-01
9.509171451295918009e-01
9.549883561132106458e-01
9.516931766165105389e-01
9.509735257177208689e-01
9.519835172346342578e-01
9.517746196961299754e-01
9.479992919635573667e-01
9.499984910053654863e-01
9.500047676656565576e-01
9.508019015277765495e-01
9.510139309760565762e-01
9.508247726653590304e-01
9.510067992838396878e-01
9.498704846191809992e-01
9.513168320466907080e-01
9.524975354344603629e-01
9.476736148734193899e-01
9.508536627462098600e-01
9.528019170808136318e-01
9.517601098548672534e-01
9.508291560031838507e-01
9.518567364032732847e-01
9.497512155485584584e-01
9.526720223275959576e-01
9.492738704425524032e-01
9.499559609333723120e-01
9.532989498611820212e-01
9.500694424885429701e-01
9.534688702275206929e-01
9.506575857032645294e-01
9.506152090292652179e-01
9.520663302844225573e-01
9.497582049477225619e-01
9.532017784448575393e-01
9.500554450921242511e-01
9.529300849745062640e-01
9.481055627991831214e-01
9.498327543030787856e-01
9.517098985520875409e-01
9.508423981910860689e-01
9.522215462905534444e-01
9.524823866546408002e-01
9.517341089115001207e-01
9.494390021505969557e-01
9.501854037737644809e-01
9.539341046151986747e-01
9.493243702862966815e-01
9.505440394343797061e-01
9.502151898018966758e-01
9.523465855304426020e-01
9.538836242158653667e-01
9.511877902363766735e-01
9.497033554831766367e-01
9.498792491089371737e-01
9.503736607154562588e-01
9.505974335592402014e-01
9.503086984861016662e-01
9.506348530514584505e-01
9.503287504143860254e-01
9.517412705228748271e-01
9.505295246819182031e-01
9.504580525710732974e-01
9.513399287791290959e-01
9.492360574512841431e-01
9.535256111988843486e-01
9.513536093886968414e-01
9.538362064593063350e-01
9.525805207637498828e-01
9.506412358330568191e-01
9.529803013327420302e-01
9.502144543782952146e-01
9.486446433983050097e-01
9.525764332010431268e-01
9.509320519650538150e-01
9.516399539245570249e-01
9.507120329679167314e-01
9.501929747900544898e-01
9.514975191396419785e-01
9.525815179085677098e-01
9.535791087384600795e-01
9.532173957673990561e-01
9.481731632915901820e-01
9.492457282399774376e-01
9.532133914120761720e-01
9.501181760710979418e-01
9.511705576362475822e-01
9.521361487798858381e-01
9.507096560416309350e-01
9.526678819604189608e-01
9.525073180950701657e-01
9.459918469952099951e-01
9.503757257152137816e-01
9.506944506305418097e-01
9.501598132366912974e-01
9.503531259294137890e-01
9.495416382624667362e-01
9.530556814002849597e-01
9.476833893142478926e-01
9.543866865197476734e-01
9.546540598795263399e-01
9.520063794069747454e-01
9.491228473908293051e-01
9.478681653762560666e-01
9.507729462714114010e-01
9.524738308621596428e-01
9.511176074353685506e-01
9.524288518867375375e-01
9.515765988043642931e-01
9.517268458578634904e-01
9.518717589366565424e-01
9.525262612567958476e-01
9.497446541677760923e-01
9.518016729276578269e-01
9.490316320340878020e-01
9.513357914122632097e-01
9.496702170412669730e-01
9.498613461069378427e-01
9.522880687286362500e-01
9.507020392314597945e-01
9.512121672304785225e-01
9.477490221958071448e-01
9.501924413149790416e-01
9.509918197567153175e-01
9.503478526788839975e-01
9.489388358050446781e-01
9.508327514632325395e-01
9.509018194518651379e-01
9.498811962688021859e-01
9.515169194926539342e-01
9.520470846548820809e-01
9.506623676324524874e-01
9.512022693532281581e-01
9.521795548232505624e-01
9.525375992527266300e-01
9.488159519040435530e-01
9.505374577308886019e-01
9.525727844390530219e-01
9.516773379926993792e-01
9.525659451397363586e-01
9.499121429871228983e-01
9.524376135566788859e-01
9.522531088482519834e-01
9.503996206254712309e-01
9.506684365031954353e-01
9.490644508610208696e-01
9.499298115425229838e-01
9.480075115762945925e-01
9.519284911370903268e-01
9.529513877112371079e-01
9.527371152669389387e-01
9.492565040262057607e-01
9.481916172605299176e-01
9.520264267582319029e-01
9.511368786183940216e-01
9.498589343170613652e-01
9.513860905555447944e-01
9.522933922294560816e-01
9.514409086932811288e-01
9.490531038047546053e-01
9.487024154170783374e-01
9.516240514254430405e-01
9.532033868295538559e-01
9.520591535620248624e-01
9.525813079345625267e-01
9.501761286466841039e-01
9.534703332791200081e-01
9.504300302820665181e-01
9.519853429575514392e-01
9.486399821388349363e-01
9.516278789078408407e-01
9.537835530941225493e-01
9.503307537021039586e-01
9.519521698184821856e-01
9.498346504620633901e-01
9.511521489190430945e-01
9.501742450853696287e-01
9.516918581517817000e-01
9.502151311028357306e-01
9.527496084363977769e-01
9.486828176303561122e-01
9.505521580352180866e-01
9.515465857151134133e-01
9.503647498836813590e-01
9.498196248863796098e-01
9.519149325452215260e-01
9.499616099264565072e-01
9.520811044779784460e-01
9.503062726044979591e-01
9.499236782502002985e-01
9.502487576953475568e-01
9.498574861864165220e-01
9.527611407646727759e-01
9.535415797535563565e-01
9.490971133101486767e-01
9.499875174310185022e-01
9.455340767544332392e-01
9.531768689377658754e-01
9.482000871790844387e-01
9.507095432564302007e-01
9.519633321110381186e-01
9.506540965640432050e-01
9.504902223355893298e-01
9.524205275667187998e-01
9.497125776497773453e-01
9.535645807447696853e-01
9.528631776279241627e-01
9.504049333342244887e-01
9.502803601570729564e-01
9.512043011514598190e-01
9.527533577206714899e-01
9.496412827748081931e-01
9.544947687457348007e-01
9.512578562789725245e-01
9.526410879298681245e-01
9.508515736719679312e-01
9.515838376206922078e-01
9.507029192278044771e-01
9.510457178055921057e-01
9.508093208363618265e-01
9.483070653546534778e-01
9.475032613239983137e-01
9.500494325742577795e-01
9.532401995506329939e-01
9.509911425249450989e-01
9.498523837400694170e-01
9.505396861005159792e-01
9.506926938582457298e-01
9.521060577972755290e-01
9.498874973459818793e-01
9.498224135241076782e-01
9.506064382661458811e-01
9.505382451526462884e-01
9.480376296772442535e-01
9.473745311850442219e-01
9.496478322694529295e-01
9.520331832085280332e-01
9.507105420787306249e-01
9.517867711993913682e-01
9.494833522001523418e-01
9.505925897847316008e-01
9.541033672869226878e-01
9.532677680240352336e-01
9.525208160893661180e-01
9.515315562894209878e-01
9.496362515530100135e-01
9.551504261151264608e-01
9.515464019120876138e-01
9.510966992165558187e-01
9.549956874693266151e-01
9.519215761226457184e-01
9.508742542026032973e-01
9.493085153913404239e-01
9.512839150512535369e-01
9.512034211904629721e-01
9.538829832884325732e-01
9.516515308783118909e-01
9.500194070123600953e-01
9.514993696698254011e-01
9.527943566478407345e-01
9.507316035444535185e-01
9.473706472314457061e-01
9.517588599101591829e-01
9.498290293267399598e-01
9.512041213304526233e-01
9.491821641077419214e-01
9.524328199515366133e-01
9.500888777900191595e-01
9.533682193749151157e-01
9.511821107854062651e-01
9.515071575643412327e-01
9.494905665994696209e-01
9.499690198251649065e-01
9.502230200795473980e-01
9.475274640756333744e-01
9.509654875099636806e-01
9.516901421700418862e-01
9.478208387814646141e-01
9.517551734590802281e-01
9.504966575134525808e-01
9.506719179035925116e-01
9.531378567798524104e-01
9.510250842988630104e-01
9.521151740084924375e-01
9.500441459378208275e-01
9.502583406529905297e-01
9.488573494379292095e-01
9.525098516577812369e-01
9.487425127874641317e-01
9.512616226478725068e-01
9.510783441999538512e-01
9.480680657437227099e-01
9.505700987833114457e-01
9.505747659961312213e-01
9.521600829700694879e-01
9.521146400872524396e-01
9.537711951575594815e-01
9.529650780181228020e-01
9.519013201508446098e-01
9.490853351097354729e-01
9.511337316698601496e-01
9.504209954931721605e-01
9.516109288772166552e-01
9.495906823447202161e-01
9.513159446805612429e-01
9.491503945535856301e-01
9.517813700042968561e-01
9.512670733545127710e-01
9.498369313286543214e-01
9.514462405483407048e-01
9.544581862216896528e-01
9.524306737631533792e-01
9.531251232591623213e-01
9.492568833673648010e-01
9.525030692262691501e-01
9.497289847989898171e-01
9.508506619630922030e-01
9.500768851349948863e-01
9.509047400149741591e-01
9.522232494819949933e-01
9.482815752419003763e-01
9.534299953416951467e-01
9.524428558757601637e-01
9.496558752939583403e-01
9.509537059103441159e-01
9.498479118116944786e-01
9.507248806085784043e-01
9.511783007103652432e-01
9.501972277119001831e-01
9.542754428890243279e-01
9.521153764882333004e-01
9.474787481388114996e-01
9.504260762125605888e-01
9.487561196979149569e-01
9.507771206955925036e-01
9.523213453100575210e-01
9.476147455456811475e-01
9.532600444320226130e-01
9.510781789034756795e-01
9.502240373872484769e-01
9.538418608233905083e-01
9.518156990796685646e-01
9.504801867310738173e-01
9.492482469074651208e-01
9.487867389681018393e-01
9.515641837037293049e-01
9.530153141507948789e-01
9.543154502403107253e-01
9.495370191863498066e-01
9.523316907887977578e-01
9.494351172162962538e-01
9.495943293534884200e-01
9.523717536096666381e-01
9.548060089470498113e-01
9.500329034740019329e-01
9.517394884875328698e-01
9.522754991861832607e-01
9.510898332110229170e-01
9.520902980930315840e-01
9.506339070298750471e-01
9.513912619535693782e-01
9.535571995285136992e-01
9.512879372121579857e-01
9.517927360988531760e-01
9.507675830717803311e-01
9.510711916050719195e-01
9.512075214925965749e-01
9.534707283460560623e-01
9.520720078072006931e-01
9.517323383947259297e-01
9.545005148104694914e-01
9.496654190183650979e-01
9.543139080548240782e-01
9.543303612000344494e-01
9.516542578191879986e-01
9.515729097964801264e-01
9.528479346659923799e-01
9.548199978766499507e-01
9.477085699301199817e-01
9.490221072883991971e-01
9.482433156475191804e-01
9.525770484768565360e-01
9.516620127311761212e-01
9.504630952783587050e-01
9.500325286253824553e-01
9.519630638366851638e-01
9.500682341615990234e-01
9.521715344965654415e-01
9.484719650453310447e-01
9.529421322142166417e-01
9.508996172436977590e-01
9.526550789874478342e-01
9.519813690966277830e-01
9.526426368110368914e-01
9.481279397032134071e-01
9.499299527767052220e-01
9.544637912288531645e-01
9.517990818954699117e-01
9.535303976896951639e-01
9.511216155118874527e-01
9.504325291117824426e-01
9.528518172880114934e-01
9.516179097235082374e-01
9.483857890819896719e-01
9.536153315116134843e-01
9.519329907606092211e-01
9.504334801409767275e-01
9.483467173408599571e-01
9.505303283925232716e-01
9.534769234724054243e-01
9.510843111171011222e-01
9.511204916691191613e-01
9.534400448238674608e-01
9.506717607307157980e-01
9.506136785172580872e-01
9.491463817139433878e-01
9.513174709989828948e-01
9.481853758228830920e-01
9.500611916182841732e-01
9.508616396468441145e-01
9.504053896718387406e-01
9.526692730957035948e-01
9.497581641079374526e-01
9.545876537544427665e-01
9.527020817231927063e-01
9.521580689252325813e-01
9.526628994052046551e-01
9.539947624154602179e-01
9.487516445770798335e-01
9.517230372164654506e-01
9.520070106701628010e-01
9.471439408321956632e-01
9.524837907803562764e-01
9.494164537074116783e-01
9.496104917236544152e-01
9.507520256090234989e-01
9.529918566849731043e-01
9.504466553313440924e-01
9.519610080509159911e-01
9.479554867270020280e-01
9.524146188871607244e-01
9.521064829082364067e-01
9.516458053843236398e-01
9.526149900138167759e-01
9.500109440546860018e-01
9.511209860586409270e-01
9.531555975272596459e-01
9.527046416122502137e-01
9.513659464948288624e-01
9.521389671720429382e-01
9.522527033038069577e-01
9.510173357487633483e-01
9.539705386749141036e-01
9.501415488050024560e-01
9.514242859134882657e-01
9.552275707653397063e-01
9.529982439839502772e-01
9.517833357423712837e-01
9.522826593491671154e-01
9.509550387973577656e-01
9.514603408375174043e-01
9.497925494530498058e-01
9.557303937953234296e-01
9.506594669921373253e-01
9.506147800060041897e-01
9.494384487644106363e-01
9.530064802440131322e-01
9.511469147485621667e-01
9.493227769329987131e-01
9.503352013468969739e-01
9.512199583215537046e-01
9.509240429655841931e-01
9.516551318057483444e-01
9.532145730056262867e-01
9.522375303345037567e-01
9.503492342205382970e-01
9.522923354480328229e-01
9.502937380106665222e-01
9.488687240941865442e-01
9.524493769428921119e-01
9.495554348145484047e-01
9.546883713312100950e-01
9.494865837419115273e-01
9.522645128722383445e-01
9.510443235254998351e-01
9.514914369647521353e-01
9.519686557896077650e-01
9.510848124234000389e-01
9.517538959074962612e-01
9.512240868645558400e-01
9.502976563338058069e-01
9.524339361641356305e-01
9.522376305021794662e-01
9.535436231999697698e-01
9.490789607249784376e-01
9.535392314248127832e-01
9.510967773140396320e-01
9.506708389766874712e-01
9.517963551344866824e-01
9.508034919796917173e-01
9.496342639725073864e-01
9.497474832028225400e-01
9.519475441304534602e-01
9.494317184021587863e-01
9.508322193890305085e-01
9.483469339647636609e-01
9.516588379923515140e-01
9.504596858981524399e-01
9.517630284073305136e-01
9.509333175077000488e-01
9.518818669308825031e-01
9.508604336026628134e-01
9.527631955880707659e-01
9.510447873800687013e-01
9.484427595104928388e-01
9.490631995131537657e-01
9.510785477296211932e-01
9.508092826360449168e-01
9.492921845984304552e-01
9.520228777977091106e-01
9.526853100575385369e-01
9.479644219077950629e-01
9.486195317509636959e-01
9.531066007314297206e-01
9.554295414492782745e-01
9.500245032546548174e-01
9.516568492334328555e-01
9.516714657444615977e-01
9.527946873122816740e-01
9.525670174079093888e-01
9.494980564591132266e-01
9.507281203370390177e-01
9.529266574894409425e-01
9.493359066462627727e-01
9.526179649288862850e-01
9.496235009219512468e-01
9.518825299408729679e-01
9.512950113524720752e-01
9.528918782438563495e-01
