-3.000000000000000000e+00 1.000000000000000000e+00
-2.972361016763165775e+00 1.708908772042663449e+00
-2.965256450735748395e+00 1.828298594317778081e+00
-2.960093438132655574e+00 1.878446412312118730e+00
-2.955289443197215427e+00 1.947045546368958657e+00
-2.948123465582026537e+00 2.001662803460055873e+00
-2.944889518122639327e+00 2.034617876574599471e+00
-2.939040123744287136e+00 2.079419783573882352e+00
-2.934915921708487030e+00 2.105824680015935257e+00
-2.932381190489516065e+00 2.118834840949724629e+00
-2.932775528883762473e+00 2.138488899655226039e+00
-2.929300912088193876e+00 2.166753841257107460e+00
-2.924639163463102154e+00 2.165489749887556492e+00
-2.915383836676834761e+00 2.187352500650048270e+00
-2.911649265046198032e+00 2.203467396742330386e+00
-2.910104144017745309e+00 2.227215856715869080e+00
-2.910007288490652488e+00 2.239057705800838516e+00
-2.909137191397657585e+00 2.245620199572804676e+00
-2.906421858122709256e+00 2.253502612442916053e+00
-2.898643063329468639e+00 2.294427760761355461e+00
-2.895906932348701890e+00 2.307210853766501923e+00
-2.891166572760867304e+00 2.310979147876573325e+00
-2.886040247854935625e+00 2.315468123211688933e+00
-2.884654656654607408e+00 2.323453057453134019e+00
-2.880195451594650180e+00 2.338059318392855968e+00
-2.879157281245677158e+00 2.341462516079706457e+00
-2.873486439177014518e+00 2.343433204419000937e+00
-2.871275801695889029e+00 2.353028681822900037e+00
-2.863855486024522889e+00 2.345560902393216907e+00
-2.862705086595896731e+00 2.348226345739409027e+00
-2.859646821294059560e+00 2.358531074396689409e+00
-2.856006245886985262e+00 2.382236377368193825e+00
-2.853951283199907429e+00 2.380354347613211630e+00
-2.850737356051041171e+00 2.388160958987202154e+00
-2.847407784055972613e+00 2.397250349952183335e+00
-2.843252748713738676e+00 2.405209245541180429e+00
-2.841341833699781105e+00 2.416289628485269514e+00
-2.839363277480282832e+00 2.427009763692627331e+00
-2.835123153884662628e+00 2.443375018912270935e+00
-2.834427786679558192e+00 2.457957545117037679e+00
-2.832696416313084331e+00 2.459356008634800084e+00
-2.832108111745830659e+00 2.467810115276197980e+00
-2.832913598782143438e+00 2.479264246613361422e+00
-2.828739511507290416e+00 2.504176512991866943e+00
-2.828072765114787224e+00 2.523796363036855173e+00
-2.826950144456325642e+00 2.531127400271326433e+00
-2.822425017432107719e+00 2.539783586610292687e+00
-2.820781114466916151e+00 2.551492227655108191e+00
-2.819763802160664135e+00 2.565374827588810192e+00
-2.816420911949428341e+00 2.564282641928910866e+00
-2.813266871654022783e+00 2.552351978486251394e+00
-2.811348392402700291e+00 2.556962838074251287e+00
-2.808534720676446383e+00 2.555517255605944005e+00
-2.804344778628656609e+00 2.551932128838412250e+00
-2.802644345237824908e+00 2.550444733843688638e+00
-2.798040065520602138e+00 2.543754582642153483e+00
-2.794314107380502232e+00 2.547446036937290881e+00
-2.788411344604969866e+00 2.532312577449228996e+00
-2.783613843292293666e+00 2.514883455623068809e+00
-2.780369054650561722e+00 2.511344210573956293e+00
-2.774002915099310851e+00 2.524967036734707460e+00
-2.766432377092618022e+00 2.525855637894829364e+00
-2.764191709221032855e+00 2.535627228693458246e+00
-2.762923461857902385e+00 2.540810955271776805e+00
-2.755237584729794964e+00 2.528942111229824263e+00
-2.746776520399565769e+00 2.521919334461274254e+00
-2.743660674187828441e+00 2.526608303733207883e+00
-2.738793753138931031e+00 2.522564701399965692e+00
-2.737868298562808000e+00 2.531559250815822004e+00
-2.737101487482705764e+00 2.535541033145451983e+00
-2.735484270229291859e+00 2.550939752569667540e+00
-2.731126216264135653e+00 2.545301114623771621e+00
-2.727328745592480175e+00 2.541516696578681067e+00
-2.726867674893548976e+00 2.555006960468294785e+00
-2.725663496125686702e+00 2.551350063639364230e+00
-2.719887207497336590e+00 2.542889961081264527e+00
-2.715329402436429618e+00 2.550787350340895987e+00
-2.712040582108907305e+00 2.543070959903396488e+00
-2.709023362709323646e+00 2.544897000620776062e+00
-2.705363291578989582e+00 2.544890650227441764e+00
-2.697543057925022136e+00 2.511848916998560277e+00
-2.694770433755429462e+00 2.524690821435920274e+00
-2.692168733063762698e+00 2.545791888816795190e+00
-2.691219031725174737e+00 2.535530358305473353e+00
-2.691210997194112942e+00 2.541381088492956852e+00
-2.690767715634577950e+00 2.542528672076028062e+00
-2.685897460126212888e+00 2.513115484833793101e+00
-2.684205670682885181e+00 2.520022671185817575e+00
-2.681402730765740205e+00 2.537135073183194756e+00
-2.679096113021719017e+00 2.529837688596037637e+00
-2.677362232062925340e+00 2.532070400881682115e+00
-2.675930467852353001e+00 2.525347702960552887e+00
-2.673998411938133479e+00 2.533989421375606899e+00
-2.672884290694552689e+00 2.534057387050350219e+00
-2.669312763578000514e+00 2.535975058971609020e+00
-2.666557620068258139e+00 2.535901259120534323e+00
-2.662782953780993722e+00 2.547820867211970430e+00
-2.663525310945743740e+00 2.567049375785197984e+00
-2.661015268510318332e+00 2.554909502267695753e+00
-2.656850609268683439e+00 2.550884029191605062e+00
-2.654861170297668327e+00 2.544994254824941127e+00
-2.650189188540668095e+00 2.547298418494554184e+00
-2.645210727480911128e+00 2.537985833956006410e+00
-2.643599215825930937e+00 2.543337496211399262e+00
-2.642861922675373787e+00 2.550183844583314929e+00
-2.637010832652049608e+00 2.530466308792942876e+00
-2.631099157570304659e+00 2.523916485914182939e+00
-2.622928832757330575e+00 2.512340134299604344e+00
-2.620920079279198234e+00 2.520514723450725469e+00
-2.612360633139724442e+00 2.502931908869260091e+00
-2.611271869785426247e+00 2.505587638900823588e+00
-2.605138768771175339e+00 2.502729197815070528e+00
-2.604871753683694724e+00 2.495767745451676234e+00
-2.603241730357363615e+00 2.502584036625620900e+00
-2.601898924026320170e+00 2.511555110345160102e+00
-2.600945868790628612e+00 2.515277897451705158e+00
-2.599349584180321138e+00 2.519296240188173108e+00
-2.595171194279484617e+00 2.503540796221755294e+00
-2.589378645459936124e+00 2.493910335064958961e+00
-2.589294791402554807e+00 2.506479104402728364e+00
-2.589116111021942057e+00 2.515084131767908904e+00
-2.585726271067016580e+00 2.508168613600396224e+00
-2.583391640926379740e+00 2.497454533896600992e+00
-2.581388341796421848e+00 2.510365578591553515e+00
-2.580606993549797945e+00 2.515280444748918764e+00
-2.578862952152312982e+00 2.521915007352991456e+00
-2.576003842854915238e+00 2.509216517541390523e+00
-2.573794715826843937e+00 2.500079960689483904e+00
-2.571225523087552034e+00 2.507283235249768705e+00
-2.569215729102072299e+00 2.512890302066469239e+00
-2.567186823328890810e+00 2.503446682667826106e+00
-2.561461897025710144e+00 2.496028845033022137e+00
-2.560236011494120500e+00 2.509746410524159366e+00
-2.556707068263685212e+00 2.508547598765787701e+00
-2.554321625168333831e+00 2.497221199083812682e+00
-2.553380146759462122e+00 2.493622507094665597e+00
-2.551505581919185861e+00 2.493814662946254312e+00
-2.549900311168256550e+00 2.508843780416881053e+00
-2.552096969454654918e+00 2.526708807012459701e+00
-2.550621291294234982e+00 2.526281343198028662e+00
-2.549147901761276813e+00 2.545633140998608823e+00
-2.545112305125240226e+00 2.548519393591418769e+00
-2.538872895495881465e+00 2.522891804901016499e+00
-2.535623810336892436e+00 2.519189902691326921e+00
-2.534960970290605076e+00 2.517407210689708741e+00
-2.532749193805612364e+00 2.516638026461942790e+00
-2.528380647280423776e+00 2.543440360017277246e+00
-2.526286756629176011e+00 2.539115554607308756e+00
-2.524967454272937672e+00 2.543890799556832505e+00
-2.523076597210747174e+00 2.546931244951155193e+00
-2.517356330831931999e+00 2.548439414842255779e+00
-2.513131108052854668e+00 2.522511432488661942e+00
-2.507665958680051155e+00 2.504358477208828759e+00
-2.499926150720582996e+00 2.508628186168403662e+00
-2.499318238178574347e+00 2.508325573416929632e+00
-2.496256549622129395e+00 2.508911561910045940e+00
-2.490703298890055262e+00 2.522041280488038772e+00
-2.490906143460919875e+00 2.535716911132336993e+00
-2.483196384141851176e+00 2.527892165753180098e+00
-2.480041081151356241e+00 2.512607227179744385e+00
-2.480143555323091498e+00 2.507775190218697325e+00
-2.478277267707868159e+00 2.503630714959756975e+00
-2.477358470072963392e+00 2.498076311275204020e+00
-2.470520034676583432e+00 2.480405895044031528e+00
-2.468197778082358074e+00 2.485791927137041224e+00
-2.468004652604149030e+00 2.486227590485445393e+00
-2.467127346207830030e+00 2.468031833200237113e+00
-2.466275328446944304e+00 2.477619459252131229e+00
-2.465141508995923658e+00 2.475517965014305322e+00
-2.465147708974939178e+00 2.475221509961625710e+00
-2.462499854673942057e+00 2.474640184622296957e+00
-2.460393178611648413e+00 2.465150693643619384e+00
-2.461041345286683057e+00 2.479162857105951634e+00
-2.455203221976268946e+00 2.472158510453279945e+00
-2.444937515231385916e+00 2.477529675668814768e+00
-2.444157352782412751e+00 2.490322346328026182e+00
-2.443496822432495552e+00 2.492963981929693595e+00
-2.440047763210455134e+00 2.486356983814148158e+00
-2.438706260480940191e+00 2.492148969575903816e+00
-2.436860957419634932e+00 2.496868708353050970e+00
-2.435009866177641147e+00 2.502704231558326775e+00
-2.435874308547409051e+00 2.506303488958829373e+00
-2.434406936032901037e+00 2.504131202344103357e+00
-2.432320030316740489e+00 2.501777073684237518e+00
-2.430219170751030777e+00 2.528677498821731984e+00
-2.427573856824508880e+00 2.535964229410937243e+00
-2.422235521243478740e+00 2.537233365165407317e+00
-2.417062607003845010e+00 2.527277389713629141e+00
-2.415837777319695512e+00 2.534689791306378837e+00
-2.414832090671638731e+00 2.535629232687670598e+00
-2.412131986630026592e+00 2.527349124183424944e+00
-2.412194463273623857e+00 2.525134717453477506e+00
-2.410698528168832233e+00 2.509697427086073684e+00
-2.405972957567271031e+00 2.531669593032534582e+00
-2.403696322356733805e+00 2.520263765711725057e+00
-2.395075085271892057e+00 2.529657881465323666e+00
-2.393379196678540488e+00 2.525830318430212440e+00
-2.391133222121627711e+00 2.517785172901821689e+00
-2.392113802450248183e+00 2.514109743363045713e+00
-2.390180072123293531e+00 2.513532385397958535e+00
-2.388985750740449721e+00 2.510494812167165080e+00
-2.386392437096476637e+00 2.505711297495209600e+00
-2.385566419780110525e+00 2.495744741253993482e+00
-2.382518519376975341e+00 2.511300522147305703e+00
-2.376622998029181311e+00 2.519961580426048009e+00
-2.375447084367955597e+00 2.530239765864818136e+00
-2.374433412656491438e+00 2.525151826501916830e+00
-2.371852057191170093e+00 2.542787894161571138e+00
-2.365844260905432872e+00 2.534959003303724590e+00
-2.364014269438493354e+00 2.554886474813062414e+00
-2.358166748693718784e+00 2.536274331500600887e+00
-2.357848634793887843e+00 2.546225685853171328e+00
-2.353222047229670100e+00 2.567631455952280373e+00
-2.344589869976573926e+00 2.532741996007417562e+00
-2.343093532211139696e+00 2.530268810167681348e+00
-2.339138695855479178e+00 2.522513085718182779e+00
-2.339072882463944403e+00 2.526189662820305326e+00
-2.337032518854674557e+00 2.521456680910888704e+00
-2.334153623831276114e+00 2.530326091939577360e+00
-2.333892723309501260e+00 2.534912557322996030e+00
-2.325755995216027383e+00 2.549933682853024131e+00
-2.324941093857742391e+00 2.554758640669031244e+00
-2.323957899506714497e+00 2.555301093970367976e+00
-2.314151886731668828e+00 2.542849690589164879e+00
-2.313491534989546405e+00 2.539985713837290326e+00
-2.310535126498095337e+00 2.511821294334172006e+00
-2.310859974497014857e+00 2.516091887303884889e+00
-2.305949238218393482e+00 2.519622455530843297e+00
-2.300984668367057839e+00 2.522679656375050872e+00
-2.298840628742177650e+00 2.520640982181993728e+00
-2.291141667248154601e+00 2.519287973010778448e+00
-2.289947609778687276e+00 2.532641583417832187e+00
-2.286809322247972620e+00 2.530145497364186813e+00
-2.286424719027942754e+00 2.539770046363611034e+00
-2.279061205973698989e+00 2.511541634795720679e+00
-2.274144883600698108e+00 2.492142484133170299e+00
-2.272095171791105539e+00 2.492576737668010800e+00
-2.268483912240368827e+00 2.511229187870506419e+00
-2.267836624748267305e+00 2.508495311486031998e+00
-2.261984536391657308e+00 2.515825464220209806e+00
-2.259915047386636733e+00 2.506092107868926888e+00
-2.256883281899178861e+00 2.489110563634114204e+00
-2.254486251482953563e+00 2.505916214390491170e+00
-2.252433227645736391e+00 2.503148040511198769e+00
-2.248313001892776608e+00 2.525815290052297435e+00
-2.247806224581215595e+00 2.534039162641805287e+00
-2.245431289979912037e+00 2.511787680631746067e+00
-2.241553349261657502e+00 2.504807469097905415e+00
-2.243519349473007463e+00 2.515996601336612404e+00
-2.243044990391715121e+00 2.525468293887032978e+00
-2.241269542629853451e+00 2.525289884460951040e+00
-2.240469379954737050e+00 2.525286412737221653e+00
-2.235357724370004018e+00 2.525443705104563730e+00
-2.233784159701909022e+00 2.534608100159347455e+00
-2.230298578902709217e+00 2.508639082804516640e+00
-2.229512117680538807e+00 2.510880868867091387e+00
-2.230398492020501777e+00 2.522764649500523593e+00
-2.227523590533119435e+00 2.538061088588396075e+00
-2.218759887711528211e+00 2.552850955105057995e+00
-2.215036008346800589e+00 2.545032352675903553e+00
-2.208070356964423997e+00 2.520727562064674299e+00
-2.204941453131290530e+00 2.527493824858130012e+00
-2.199763776201304921e+00 2.520368139252929129e+00
-2.197223702770553899e+00 2.528296621263375954e+00
-2.188784813721822875e+00 2.502468792109514784e+00
-2.187593639910184518e+00 2.476582904674199614e+00
-2.184475441784926364e+00 2.462533093318956645e+00
-2.183866886823234044e+00 2.464895154080759099e+00
-2.179343118086067399e+00 2.453460101411208516e+00
-2.179182020029164946e+00 2.457215775236586186e+00
-2.177699507865864081e+00 2.469973851881249516e+00
-2.177168136885722749e+00 2.477047396486441233e+00
-2.176279192752832436e+00 2.473506105486512396e+00
-2.174980963570116721e+00 2.468330619911144108e+00
-2.176318153858080251e+00 2.506261042401630057e+00
-2.174173483917552385e+00 2.504062852590046351e+00
-2.174594619400222140e+00 2.509257993567610256e+00
-2.175556279423680461e+00 2.500529122180946917e+00
-2.175279764639198365e+00 2.497388413026369491e+00
-2.177429429664908600e+00 2.521923050109198261e+00
-2.176437960554373774e+00 2.518473314709774868e+00
-2.170608770854930647e+00 2.495690302682922024e+00
-2.166401084807263899e+00 2.485825910621862977e+00
-2.164222841648171691e+00 2.476927010069607693e+00
-2.166413324498314807e+00 2.497491931675816179e+00
-2.165775893419248366e+00 2.491439229352376383e+00
-2.159834006202647760e+00 2.451587710864060909e+00
-2.155771431702207863e+00 2.426541573424570331e+00
-2.152553130191181996e+00 2.429777396095311293e+00
-2.150382561596348108e+00 2.427943459418871797e+00
-2.150280630601034915e+00 2.443201879959854939e+00
-2.149076068615287660e+00 2.434031824762865170e+00
-2.141243881124176962e+00 2.441028676883431725e+00
-2.138454905275013918e+00 2.426135328514456457e+00
-2.137552457093775615e+00 2.426200791082574248e+00
-2.132586067969349575e+00 2.453631001855018479e+00
-2.130698412218400950e+00 2.456290775234184487e+00
-2.126147161554510667e+00 2.440350913945867894e+00
-2.125246576302702639e+00 2.484226904031124672e+00
-2.122251551152427140e+00 2.477915899816702350e+00
-2.122779126573416164e+00 2.469978761188145633e+00
-2.122764727889325354e+00 2.469949165132276026e+00
-2.121886587166597060e+00 2.462157824987994292e+00
-2.120202814283355774e+00 2.442805416411113040e+00
-2.119526257092393173e+00 2.432107397151423545e+00
-2.117636055290728070e+00 2.406887399971428643e+00
-2.114812047678815699e+00 2.405947155558135986e+00
-2.111518565445622997e+00 2.400026938219459893e+00
-2.104494270362261332e+00 2.398111600202634364e+00
-2.104704407697921553e+00 2.391567058823740766e+00
-2.104649932321457584e+00 2.391393886478882180e+00
-2.103972443349597210e+00 2.387328220842642956e+00
-2.101571926228251286e+00 2.377853689696805883e+00
-2.098085122304924166e+00 2.359750399446874258e+00
-2.094157938523909745e+00 2.345973097724316503e+00
-2.093589894982972766e+00 2.344261549516937659e+00
-2.083234494778866797e+00 2.290142543602726732e+00
-2.079588625294011450e+00 2.301605206799808734e+00
-2.077214973963979361e+00 2.285915828367168334e+00
-2.071786269183612639e+00 2.270381192700295259e+00
-2.070984603799703727e+00 2.276743577527775564e+00
-2.069543583676123344e+00 2.272967470969030401e+00
-2.066840649620702131e+00 2.258707496653117097e+00
-2.064876192500066932e+00 2.255098773646587507e+00
-2.061602224227261360e+00 2.247379496523880693e+00
-2.061419868986664738e+00 2.257876330808136878e+00
-2.058359078149270882e+00 2.254255789116923037e+00
-2.057438837997871417e+00 2.254879327942889145e+00
-2.055981021340369086e+00 2.257222890731958032e+00
-2.051737413573842428e+00 2.263232543506230154e+00
-2.044286375117000176e+00 2.244540487562455944e+00
-2.044210671315518812e+00 2.244585506953593601e+00
-2.040183772373113325e+00 2.251479057531279970e+00
-2.036243710842577936e+00 2.257517438423615630e+00
-2.035274247748551701e+00 2.269787282157097685e+00
-2.034964994352002510e+00 2.283023768810075183e+00
-2.033268605452903000e+00 2.278814971239840226e+00
-2.031655701955945137e+00 2.268463676652571426e+00
-2.022825296669017892e+00 2.261385394096827373e+00
-2.018858003238583887e+00 2.248950021455524695e+00
-2.017718316259429212e+00 2.257572237261562531e+00
-2.014529737749838123e+00 2.263846038882543432e+00
-2.014474273877821631e+00 2.270504543051308222e+00
-2.011290224428103457e+00 2.272988336701976753e+00
-2.010795785947446568e+00 2.276890702408225664e+00
-2.007223365886101174e+00 2.281236902394594868e+00
-2.004276740538549095e+00 2.297016334676193594e+00
-2.001406396474695093e+00 2.280053667573356257e+00
-2.001432306372550318e+00 2.281526511087716536e+00
-1.999564733350088552e+00 2.300953687054561492e+00
-1.999558329876679252e+00 2.309925005684535737e+00
-1.994411551150370387e+00 2.280061162468023817e+00
-1.993896478061817801e+00 2.283221144904142630e+00
-1.991604116450142126e+00 2.272613496204161976e+00
-1.982917534554038408e+00 2.250224673034929346e+00
-1.981760988512488053e+00 2.262752230705429746e+00
-1.980299154322503918e+00 2.268571511630900872e+00
-1.980101491093331001e+00 2.262979138704125148e+00
-1.979583871021446395e+00 2.259236940855334108e+00
-1.978419927781739140e+00 2.260488193796974521e+00
-1.980038042966772993e+00 2.253468223340558740e+00
-1.979282746332992948e+00 2.252621493927541074e+00
-1.973616248319630007e+00 2.258500466368112303e+00
-1.972593061382651447e+00 2.260467639601889456e+00
-1.970299721210591715e+00 2.277676235167818142e+00
-1.968117596396588675e+00 2.286497936241333129e+00
-1.961316577186913657e+00 2.289760118481849460e+00
-1.961579240110524092e+00 2.309790798635144693e+00
-1.958729734444666137e+00 2.304545387211838658e+00
-1.955217407428756715e+00 2.314477356713328771e+00
-1.950535217452672221e+00 2.327766897409987656e+00
-1.942065308091170284e+00 2.286999331940323010e+00
-1.939837915766384535e+00 2.285193745500689655e+00
-1.938143026467490149e+00 2.292537064809492264e+00
-1.937473370646568549e+00 2.289918007471814398e+00
-1.937259620735283017e+00 2.297429653806627226e+00
-1.935206080730763389e+00 2.325171964353085041e+00
-1.935115830138070647e+00 2.324279781161550318e+00
-1.930157063308958199e+00 2.337626986424589326e+00
-1.929888704838515601e+00 2.360326242504169780e+00
-1.930368045014542178e+00 2.357909735978235055e+00
-1.926289523172312279e+00 2.325523404389894022e+00
-1.919036358423053645e+00 2.346173006911861147e+00
-1.911239335767763503e+00 2.331445038054675400e+00
-1.909731282513140060e+00 2.352007367277590077e+00
-1.908683097957058150e+00 2.342897116118559442e+00
-1.908557837222138787e+00 2.343440086251849852e+00
-1.904777671987408771e+00 2.333994732007359740e+00
-1.904816505436262908e+00 2.341189589704173457e+00
-1.902288715215710191e+00 2.329099312896255825e+00
-1.900843617380916672e+00 2.307459718612689059e+00
-1.899338367517525716e+00 2.332906238776339070e+00
-1.900377633219737294e+00 2.344217677476729378e+00
-1.896324571366005296e+00 2.355605012343140015e+00
-1.893926081347734325e+00 2.355948450731364385e+00
-1.893378968621371561e+00 2.360135391031980667e+00
-1.889275740751543031e+00 2.362259650478133466e+00
-1.888967263445873845e+00 2.363334282663590802e+00
-1.888962260543463501e+00 2.363259192887553706e+00
-1.888965027611173353e+00 2.336890564895535150e+00
-1.885778817931043072e+00 2.326120494318438148e+00
-1.884099825823894792e+00 2.296647647761478783e+00
-1.883187329632216800e+00 2.303211352910370380e+00
-1.883083224063098138e+00 2.299071405389818246e+00
-1.882931539303707158e+00 2.303800020650902169e+00
-1.875278692756610077e+00 2.305488196770185017e+00
-1.872226392368116832e+00 2.300780827720264821e+00
-1.872060994328499817e+00 2.299451952250257669e+00
-1.872584007845662590e+00 2.295183077439284069e+00
-1.872583059653002868e+00 2.295239460296361500e+00
-1.870031604149115845e+00 2.301352126500988859e+00
-1.869951126597168889e+00 2.301645450178526620e+00
-1.869960438035959127e+00 2.301862104714832213e+00
-1.868963267866239564e+00 2.300063122327627774e+00
-1.869395825775367559e+00 2.307897195717318439e+00
-1.867591457474433891e+00 2.313835669833597120e+00
-1.858529655716823159e+00 2.333293883716106354e+00
-1.859888614452842592e+00 2.332832768444875526e+00
-1.859509394686703176e+00 2.333551077575815036e+00
-1.858695899981842592e+00 2.325853478320677681e+00
-1.857672031705493554e+00 2.325115094976382579e+00
-1.857333755482438953e+00 2.341814614280501861e+00
-1.856397480506051689e+00 2.333032078628148653e+00
-1.855428896402710137e+00 2.336339478712575968e+00
-1.854019919380118120e+00 2.338707126371607714e+00
-1.849758349285778758e+00 2.329117421655762854e+00
-1.849616718239395663e+00 2.332251821870932051e+00
-1.845662841857065084e+00 2.333442230341619350e+00
-1.844487556821904350e+00 2.340715398295688310e+00
-1.842179235141240046e+00 2.322124721091920474e+00
-1.842299687118208240e+00 2.322410175014532729e+00
-1.842143618177947806e+00 2.329100712110682370e+00
-1.837674334611212101e+00 2.324220834429787441e+00
-1.837591495838502231e+00 2.326992842934747951e+00
-1.837958994487199238e+00 2.328806103405221872e+00
-1.835097956600947766e+00 2.362923645057009914e+00
-1.834628969692322142e+00 2.361172301159060627e+00
-1.833989440475139787e+00 2.363728828419800365e+00
-1.826764722252293138e+00 2.309086512285916104e+00
-1.823454636907418491e+00 2.284804213922472016e+00
-1.819269460811580696e+00 2.258445976324516824e+00
-1.816831958070600272e+00 2.240433764621600599e+00
-1.812437275164177519e+00 2.227516877959831110e+00
-1.806310178635440078e+00 2.217162463077033685e+00
-1.805899294980522374e+00 2.215901802319733438e+00
-1.804767150044753077e+00 2.216682588025157941e+00
-1.800769724865402655e+00 2.199175137440941619e+00
-1.799814962770807991e+00 2.210523443933855692e+00
-1.799254121991812561e+00 2.236500173586481566e+00
-1.798479858674148613e+00 2.257537905804169576e+00
-1.797741172739277138e+00 2.259064518260347931e+00
-1.796209050328157586e+00 2.250565521063248031e+00
-1.792882454608177190e+00 2.238132758306673242e+00
-1.791830494779565353e+00 2.233785201897212414e+00
-1.791862046873311298e+00 2.236244750599560849e+00
-1.788151198708346712e+00 2.237143288548396391e+00
-1.787908295655045388e+00 2.251435132866099309e+00
-1.787898272809025135e+00 2.251636104757902768e+00
-1.785934303960642344e+00 2.237307142721598030e+00
-1.783251098501383858e+00 2.233768618317465648e+00
-1.783230345598808109e+00 2.232788510837767859e+00
-1.784828841738535399e+00 2.212928859940766824e+00
-1.779868390218338980e+00 2.201266109581336838e+00
-1.778332300990622006e+00 2.195966348489747588e+00
-1.779024230509669735e+00 2.205975603922798900e+00
-1.777623500706815962e+00 2.203246278147098725e+00
-1.775355519342453947e+00 2.215916235674851187e+00
-1.774134681227150789e+00 2.219081080670860739e+00
-1.773935757777766575e+00 2.223527631005749239e+00
-1.771457375189733785e+00 2.220276737819518509e+00
-1.769945699046510335e+00 2.232154701708359390e+00
-1.769328338502972997e+00 2.247168108981226098e+00
-1.769197969014922656e+00 2.249794851608885704e+00
-1.764697012927729070e+00 2.246502740521423291e+00
-1.761416760781645552e+00 2.243443305839664337e+00
-1.758354740789848991e+00 2.238601021213435072e+00
-1.754917573713234535e+00 2.252805717075549108e+00
-1.753815745464462950e+00 2.252588139181008753e+00
-1.750815883311804377e+00 2.229645745021694214e+00
-1.750380816554772512e+00 2.226775752580738121e+00
-1.749923588139556729e+00 2.232069494454042680e+00
-1.748412119163048395e+00 2.231046872614170340e+00
-1.745150601786080724e+00 2.237116723673234109e+00
-1.743704125876721411e+00 2.240718077179479906e+00
-1.741160740485238945e+00 2.224688119174881074e+00
-1.741558992695474872e+00 2.229859770641960726e+00
-1.740149221285342440e+00 2.214868625909987454e+00
-1.739952629981135868e+00 2.216926965695255713e+00
-1.738480293748200456e+00 2.212021364873165918e+00
-1.737591338093193771e+00 2.210798966930213272e+00
-1.738046709631747566e+00 2.232486796193183132e+00
-1.737976968768647046e+00 2.237913645396420126e+00
-1.734897373224663975e+00 2.244709877089818395e+00
-1.732382886798869315e+00 2.262390723521656710e+00
-1.730920177601410703e+00 2.254842798548240879e+00
-1.730501160953081818e+00 2.256630650111681291e+00
-1.729809688012614366e+00 2.254011718563255773e+00
-1.715915236694264268e+00 2.171833767166522211e+00
-1.714783233808238272e+00 2.181598043776682871e+00
-1.714535884619585726e+00 2.172294074155700194e+00
-1.713847921476876479e+00 2.202707213052968349e+00
-1.712184159370239600e+00 2.199924594081513973e+00
-1.706986202021238963e+00 2.200114625942386049e+00
-1.699684987119840729e+00 2.210316231615653937e+00
-1.699616194339255371e+00 2.211106686521547182e+00
-1.700240757840932426e+00 2.209211889866332879e+00
-1.700207505285440623e+00 2.227619567153826363e+00
-1.699411671496196430e+00 2.254355416740906115e+00
-1.696368454669646475e+00 2.243662174423517897e+00
-1.696416359154116593e+00 2.245290156458290109e+00
-1.698276021853048157e+00 2.245020436613723191e+00
-1.696586428321656959e+00 2.246552428106649568e+00
-1.696687667761824336e+00 2.244682405270990166e+00
-1.690271991226962589e+00 2.217170750591095807e+00
-1.689739951352400515e+00 2.217817695428462521e+00
-1.688959155281914981e+00 2.222696930438757601e+00
-1.687096385118725506e+00 2.231104100630076026e+00
-1.687477668521793150e+00 2.230983335654822763e+00
-1.686562175698735899e+00 2.225601441869645036e+00
-1.685435569484200702e+00 2.220218919591464779e+00
-1.686685784405523192e+00 2.232701607791135245e+00
-1.687625507273951886e+00 2.248104948693291583e+00
-1.687209946412256967e+00 2.235927127231283951e+00
-1.686935213787202681e+00 2.235540788382801569e+00
-1.684452229804385581e+00 2.245345613653325856e+00
-1.681006645513777764e+00 2.248430235113700881e+00
-1.678754949826169351e+00 2.236470541234556908e+00
-1.679323747102765330e+00 2.245453193816838944e+00
-1.679716851604903693e+00 2.246219251152793195e+00
-1.676689947960021243e+00 2.237536811352274668e+00
-1.673319187016213183e+00 2.227397994093310629e+00
-1.671352663148173212e+00 2.226875781555103462e+00
-1.669989021146300878e+00 2.234227749758575854e+00
-1.669907159931667717e+00 2.234568469356400300e+00
-1.667865200795093816e+00 2.229033960537778469e+00
-1.667127008725916459e+00 2.228684223497543027e+00
-1.667480949597803130e+00 2.219938306640099057e+00
-1.666558812567006109e+00 2.217027743373466198e+00
-1.665629834309938051e+00 2.205686318366556709e+00
-1.665392582050479353e+00 2.224545687653731729e+00
-1.664945195372780518e+00 2.220842043579229763e+00
-1.664054545975244714e+00 2.205177791903590645e+00
-1.662321315067100125e+00 2.197800637659952816e+00
-1.660523143837669968e+00 2.192702897099641390e+00
-1.657492522196287510e+00 2.195054910571015316e+00
-1.653866335403658017e+00 2.214451916093785222e+00
-1.652796488699508126e+00 2.219348645488993022e+00
-1.650181094373647905e+00 2.217773537021767272e+00
-1.646651898370248057e+00 2.251455666186866544e+00
-1.642833419641520409e+00 2.255829173531670673e+00
-1.641662211137392857e+00 2.302558284393395827e+00
-1.641008010803667982e+00 2.292700587582430671e+00
-1.639683018190218222e+00 2.297242231859259576e+00
-1.640032038501379574e+00 2.300775611766992856e+00
-1.639533755028706130e+00 2.316694695252447200e+00
-1.639098527484206702e+00 2.318356114485495389e+00
-1.639661851123084046e+00 2.280741817372529567e+00
-1.637358199851352669e+00 2.275982219800314788e+00
-1.636480071050867124e+00 2.277316147765941157e+00
-1.634385305839183511e+00 2.276834638232224872e+00
-1.634108441715085736e+00 2.284485157686464429e+00
-1.634934778681443213e+00 2.297353092084978510e+00
-1.634238805281434281e+00 2.292454139862030171e+00
-1.633262436785308358e+00 2.296975278669298071e+00
-1.632502108028477394e+00 2.294457901698315094e+00
-1.632583705057369494e+00 2.295918240545350653e+00
-1.633242943066692598e+00 2.289437942505716528e+00
-1.634036830677237484e+00 2.292161119632476929e+00
-1.628713215466733866e+00 2.260365496075703806e+00
-1.625532540041272123e+00 2.253015382935512623e+00
-1.624126625873121954e+00 2.244731941515702989e+00
-1.622102336509558373e+00 2.252948526847438515e+00
-1.622298185093848266e+00 2.251708681637603959e+00
-1.622440447695234100e+00 2.251210991686198426e+00
-1.622080904944267710e+00 2.246358413312221636e+00
-1.621098345993259526e+00 2.250027782297495893e+00
-1.619093672953855867e+00 2.261775563182543802e+00
-1.618526207280071905e+00 2.256438549856193632e+00
-1.616183123887101614e+00 2.250143400181837006e+00
-1.615614774042619439e+00 2.248940431238705351e+00
-1.616372896004874882e+00 2.256953075493464134e+00
-1.612731367684627104e+00 2.244887872505643145e+00
-1.612844341519152014e+00 2.247115745048446023e+00
-1.611342053257758478e+00 2.238047726411324767e+00
-1.607561383177159131e+00 2.236892009777045942e+00
-1.604970557500209782e+00 2.216681445292812302e+00
-1.601008087223007248e+00 2.196203889209649596e+00
-1.600569248353488350e+00 2.197023991731647197e+00
-1.598881348749577436e+00 2.198271761455321105e+00
-1.600024807055759002e+00 2.184764472104379518e+00
-1.597490803734553877e+00 2.163417230979818306e+00
-1.594841588308957503e+00 2.155654830055655058e+00
-1.591784350853334029e+00 2.173397951110223048e+00
-1.590434932197138718e+00 2.170284935550955918e+00
-1.589540901295436459e+00 2.167282550097316740e+00
-1.584247417060259400e+00 2.187631166439676367e+00
-1.583964414253045572e+00 2.193309003970882021e+00
-1.583320439659705370e+00 2.193807861367972567e+00
-1.580912024174866648e+00 2.205385132628133071e+00
-1.578053078329718417e+00 2.187192325833004158e+00
-1.577926996273126381e+00 2.190303762817950695e+00
-1.577611581447584399e+00 2.199614528282751280e+00
-1.579379820711838800e+00 2.219250856759300117e+00
-1.578922412969244515e+00 2.223298769362472171e+00
-1.578674975875393960e+00 2.244060613929116599e+00
-1.578932113961980743e+00 2.225972754948350563e+00
-1.578353428466741981e+00 2.226702868261718038e+00
-1.576138343337996295e+00 2.222459754446007629e+00
-1.575982598172458449e+00 2.220225005387856498e+00
-1.574565609384486864e+00 2.251249585541614806e+00
-1.574138352419925946e+00 2.248533051720521758e+00
-1.573154409447947932e+00 2.240021184959585909e+00
-1.573371211798502367e+00 2.235008918585748461e+00
-1.572797178431860843e+00 2.240655304695870154e+00
-1.571929344666372907e+00 2.238342966151464442e+00
-1.568164796864959909e+00 2.238869315382506997e+00
-1.564983399021719901e+00 2.224179157611313240e+00
-1.563318432270491831e+00 2.216028563433660725e+00
-1.562796387164522294e+00 2.220568796213744811e+00
-1.561015981131141483e+00 2.238102003127903750e+00
-1.560984396296116961e+00 2.245464911083359993e+00
-1.558582558555425601e+00 2.214208470775445026e+00
-1.558253828188640666e+00 2.214184661972410595e+00
-1.557646931334313978e+00 2.219164649332974193e+00
-1.557510615855744351e+00 2.217598595742417800e+00
-1.556390978382223400e+00 2.210248089778158231e+00
-1.557905107411021284e+00 2.196036504354430541e+00
-1.555695779113083876e+00 2.197445837287402171e+00
-1.555551788793106738e+00 2.197279850586843164e+00
-1.554117564064162016e+00 2.206420898518251406e+00
-1.556571779006701517e+00 2.224055431625916235e+00
-1.556300631011506841e+00 2.223039692018798252e+00
-1.558801415599732731e+00 2.267758395428725482e+00
-1.556735711891929608e+00 2.238797017342270657e+00
-1.556388455384526859e+00 2.228785721773616224e+00
-1.554387912415032380e+00 2.219857464587715157e+00
-1.554223218591921141e+00 2.220762959097862144e+00
-1.552635011029903200e+00 2.203465847012719525e+00
-1.551775430194553662e+00 2.225732224346047783e+00
-1.551751083458374314e+00 2.197724617075421438e+00
-1.552404256681420680e+00 2.194120140293653876e+00
-1.552042732715916529e+00 2.194589178438290489e+00
-1.550196636659206817e+00 2.199633629184806427e+00
-1.550618154299626017e+00 2.194290858947157474e+00
-1.550799021409849043e+00 2.210290389598232430e+00
-1.550184879366558688e+00 2.217905419354665231e+00
-1.550688984979955887e+00 2.192563274963738262e+00
-1.550110998214899061e+00 2.187959769476582661e+00
-1.548996042673364659e+00 2.152785457770981736e+00
-1.546232704651376633e+00 2.174387780553917793e+00
-1.542763430990210516e+00 2.177597537237391467e+00
-1.542499454987432461e+00 2.180651790870762330e+00
-1.542228766615125979e+00 2.185140522384239947e+00
-1.543426206450485338e+00 2.158261494694140303e+00
-1.542915748426409328e+00 2.172927297293575144e+00
-1.542198240576139856e+00 2.170301145601707393e+00
-1.540367029315945047e+00 2.143143194257229656e+00
-1.538027571920037806e+00 2.136997006998514692e+00
-1.538228137881309632e+00 2.140159023067805588e+00
-1.535717723408676072e+00 2.127756623606147812e+00
-1.536671538968845008e+00 2.144384213769930714e+00
-1.536454045048634365e+00 2.135744878412182413e+00
-1.534585663778821552e+00 2.127041127012678778e+00
-1.533247479391327328e+00 2.104536521686621420e+00
-1.532619983977175693e+00 2.120005281745566794e+00
-1.532528560600248779e+00 2.120492554106101490e+00
-1.532114140844914596e+00 2.114267444949642361e+00
-1.532114295511682434e+00 2.127880732481154613e+00
-1.532181117549332505e+00 2.144569793447791639e+00
-1.532728550991387717e+00 2.146974905166239012e+00
-1.532717190956539133e+00 2.130207290758732164e+00
-1.530040017325482449e+00 2.134900632225854800e+00
-1.530285352114944430e+00 2.140274732780910405e+00
-1.528065541492993340e+00 2.158228213267040285e+00
-1.526343920152074984e+00 2.150104339870821502e+00
-1.526364921101479810e+00 2.158937592390794968e+00
-1.525245985196540088e+00 2.169487011717714520e+00
-1.526044564840570050e+00 2.170895354727244708e+00
-1.526088535782756717e+00 2.173095267449951518e+00
-1.527236433975492247e+00 2.175192716205059273e+00
-1.528626738972589161e+00 2.181762837964468460e+00
-1.527352909786352519e+00 2.169188839938274160e+00
-1.528641062296830500e+00 2.168070648259460942e+00
-1.527504741426388035e+00 2.161599003444195422e+00
-1.528988998520785403e+00 2.169665768284461116e+00
-1.527544153317367481e+00 2.159216492640553042e+00
-1.527702264646132457e+00 2.165851108261074742e+00
-1.529015560309689103e+00 2.187948929052618396e+00
-1.526740670298727176e+00 2.180930479008661660e+00
-1.526943090971715877e+00 2.183295025023870295e+00
-1.525119153134775418e+00 2.177646421731525450e+00
-1.525603104716216629e+00 2.180473970728583843e+00
-1.524306865339135397e+00 2.176294587039059536e+00
-1.523881704152376226e+00 2.168541013625615133e+00
-1.522466139884293579e+00 2.164606374234949726e+00
-1.516867874429466134e+00 2.161184127063484617e+00
-1.512279782659381011e+00 2.143595443808795853e+00
-1.512342024315031175e+00 2.144895076513531063e+00
-1.509627179193482549e+00 2.135931271476222637e+00
-1.508003880495846438e+00 2.170049470148660120e+00
-1.508264904410830276e+00 2.174049386927014993e+00
-1.506675325435700818e+00 2.182360808873537561e+00
-1.507075317475033094e+00 2.188532341970350625e+00
-1.505695255652695463e+00 2.173621389087081024e+00
-1.504599486697457023e+00 2.170142447228339488e+00
-1.500867105208197883e+00 2.159870798507902201e+00
-1.501269223389917196e+00 2.152672280186485043e+00
-1.501303207438376974e+00 2.151959669670844733e+00
-1.501375749626085776e+00 2.152757337963752793e+00
-1.502326642898754505e+00 2.158934978168133956e+00
-1.502410652969452087e+00 2.170514468175669176e+00
-1.502662815448671196e+00 2.191419200546997903e+00
-1.503659192703113323e+00 2.203180769758920743e+00
-1.501483001654653648e+00 2.170208220767533280e+00
-1.501907536096665607e+00 2.169459594755118292e+00
-1.501916209096913812e+00 2.179566936505558328e+00
-1.501910528640895803e+00 2.179613969716186705e+00
-1.500109956094312968e+00 2.173241962858298848e+00
-1.498209791521648793e+00 2.159481243979949117e+00
-1.497254632203588232e+00 2.163510313317998257e+00
-1.492196039162550836e+00 2.202287873841609844e+00
-1.490303981377257614e+00 2.178702986619065030e+00
-1.489993072769588034e+00 2.171725494901592945e+00
-1.487351655942225737e+00 2.144730003666672324e+00
-1.488455803314251424e+00 2.152623914973555319e+00
-1.486085362488443362e+00 2.159129237948425484e+00
-1.486928387376922123e+00 2.162481994682476483e+00
-1.487158928937991842e+00 2.172640700354954824e+00
-1.487103948135707787e+00 2.170422635670494316e+00
-1.486845245016818140e+00 2.159731793411063361e+00
-1.486006131052731050e+00 2.157955252378616962e+00
-1.485441273566924014e+00 2.157271844062836230e+00
-1.485305517762094185e+00 2.171032150515966208e+00
-1.487441562115137783e+00 2.201720849924462708e+00
-1.487604520269306230e+00 2.212149165724602629e+00
-1.487112094816844809e+00 2.212347984113859578e+00
-1.485461244092536992e+00 2.206933691386795182e+00
-1.485476280075305855e+00 2.205731998202405286e+00
-1.485515746380647872e+00 2.206551480717278135e+00
-1.485617478230013111e+00 2.200394480581012502e+00
-1.485664593343660744e+00 2.200669446310891786e+00
-1.485990496247147741e+00 2.188400262118575856e+00
-1.485518160414258215e+00 2.189057615010423063e+00
-1.484760482105635493e+00 2.189532389373604726e+00
-1.483565956101071448e+00 2.194935827674999285e+00
-1.483683727052233836e+00 2.207535231408495058e+00
-1.484639944476420226e+00 2.220151299476892159e+00
-1.484154406816540872e+00 2.207935108083144637e+00
-1.484073237190032479e+00 2.192483157120630466e+00
-1.480789550772919405e+00 2.188675221338412413e+00
-1.481256587103729983e+00 2.187910360198340953e+00
-1.480708734874524923e+00 2.182875858121271051e+00
-1.481296870580381508e+00 2.187268897421943414e+00
-1.479323338244674657e+00 2.192735085421324115e+00
-1.472692853475343178e+00 2.148676976147120499e+00
-1.473572741784549889e+00 2.142030706107842963e+00
-1.473246794809466964e+00 2.153903078173113883e+00
-1.472435927792476340e+00 2.149927738207591865e+00
-1.471233050053416314e+00 2.157028181326106964e+00
-1.474103095456105406e+00 2.166760147642964096e+00
-1.473847656545824059e+00 2.172050923426997127e+00
-1.473674496300759085e+00 2.171566335630545019e+00
-1.474844114985244037e+00 2.156729208130408360e+00
-1.471604114610647773e+00 2.139506150925086114e+00
-1.469687718612467053e+00 2.118111123366585247e+00
-1.469714841285580498e+00 2.119939090020373396e+00
-1.469143967976299869e+00 2.102027412104530590e+00
-1.470346596494829239e+00 2.100748374050364742e+00
-1.468400568294992992e+00 2.099375406738179795e+00
-1.466864958772082561e+00 2.105556580912975928e+00
-1.466935021210283630e+00 2.102337550089869556e+00
-1.467528103576543730e+00 2.094195834013540480e+00
-1.467423928457171067e+00 2.097115802758509506e+00
-1.467515064882156439e+00 2.097445894725575410e+00
-1.468289469359647548e+00 2.107408801025411726e+00
-1.466854876439438016e+00 2.069879833402657798e+00
-1.466629879243533052e+00 2.067643067582602079e+00
-1.466574570419923340e+00 2.067509411662219243e+00
-1.465592323338272385e+00 2.069336902239463871e+00
-1.463568197312490327e+00 2.074944740906099039e+00
-1.463463258854361460e+00 2.087918518987912364e+00
-1.464544349786512045e+00 2.106375741487138242e+00
-1.464260066397648163e+00 2.099363238473456406e+00
-1.463588068008217835e+00 2.112394058957271170e+00
-1.465920720825270696e+00 2.083430069444061949e+00
-1.465556959131584680e+00 2.092950460596127105e+00
-1.465751761492333660e+00 2.094363658133843398e+00
-1.466160814082079211e+00 2.106246308757345531e+00
-1.466769101215009030e+00 2.111558579268058011e+00
-1.466123114004487249e+00 2.129712257468105108e+00
-1.459373833571177226e+00 2.095498975989377843e+00
-1.460307422936250044e+00 2.119311946309886174e+00
-1.459128882999909838e+00 2.108226084245924614e+00
-1.458755619645478951e+00 2.105083024480739695e+00
-1.458886920571454970e+00 2.113522888324403048e+00
-1.457994799690245369e+00 2.094440262846650747e+00
-1.449309466399126167e+00 2.090883317088702231e+00
-1.447831961885671426e+00 2.081794684497804138e+00
-1.445585284567820539e+00 2.043540341367997559e+00
-1.445472006801017839e+00 2.039309606337057268e+00
-1.445760652214734376e+00 2.042987531048754857e+00
-1.446413213995716651e+00 2.048067209938275290e+00
-1.445132677433941248e+00 2.041044675453815849e+00
-1.443639862843393074e+00 2.034039602170866878e+00
-1.442850337267338467e+00 2.031196013450474958e+00
-1.440975087426875190e+00 2.028891677696175400e+00
-1.441387927835743765e+00 2.026746655383112383e+00
-1.439934570739058950e+00 2.022008439551632009e+00
-1.439035396800792288e+00 2.027860289632660518e+00
-1.438624119113062427e+00 2.032137949713906711e+00
-1.438979565005163774e+00 2.039209076903685247e+00
-1.437928464740537482e+00 2.041200883043451597e+00
-1.437159241382327757e+00 2.036926059475167694e+00
-1.436502521707800684e+00 2.062920753428835852e+00
-1.436389587806664814e+00 2.063332866242840957e+00
-1.435588227114602766e+00 2.068353828380066872e+00
-1.435332607009796702e+00 2.068912747697212229e+00
-1.434384594335724517e+00 2.052047997036365867e+00
-1.432737856079927763e+00 2.053800219994332821e+00
-1.432710843072705131e+00 2.053942033776383180e+00
-1.431981893543961215e+00 2.052880302554350944e+00
-1.433813992350010169e+00 2.071429155469599159e+00
-1.433894086441721338e+00 2.069233734922059753e+00
-1.432532290249786344e+00 2.081558721269465728e+00
-1.431386608259673565e+00 2.086188687173844425e+00
-1.429227084945404735e+00 2.102361853709980632e+00
-1.428420404826714174e+00 2.112385694762094257e+00
-1.429714884270172792e+00 2.124540562381994402e+00
-1.428301630766795727e+00 2.120141622857450336e+00
-1.428462305864180770e+00 2.133921695761697990e+00
-1.431416229487696201e+00 2.143819699642834919e+00
-1.430888299323997526e+00 2.140854045788277649e+00
-1.429188739623368232e+00 2.120448284457338683e+00
-1.429545563686949849e+00 2.127063931577945155e+00
-1.429566645908561195e+00 2.125963511576083764e+00
-1.430324056722355186e+00 2.110817343353629472e+00
-1.430523356492003684e+00 2.112552542082304807e+00
-1.431084448660514985e+00 2.095407091340359962e+00
-1.431457377174327306e+00 2.095260655090939395e+00
-1.431391309890008623e+00 2.110978674685509482e+00
-1.431164167297538148e+00 2.117078626908569738e+00
-1.427420468022949640e+00 2.088847960097986345e+00
-1.427031655373334429e+00 2.088874358526449981e+00
-1.427486217623084030e+00 2.094976828279411230e+00
-1.428079495581712877e+00 2.092043144946561295e+00
-1.428431712879219218e+00 2.089182082674404306e+00
-1.428575826345597877e+00 2.090869637926204838e+00
-1.429083091641609959e+00 2.090780228815128261e+00
-1.429039685909846646e+00 2.102157758599414450e+00
-1.428743544217522254e+00 2.097447902013354959e+00
-1.428839565475009010e+00 2.087146217922549507e+00
-1.429871762817150005e+00 2.087644171232978518e+00
-1.431993283986573440e+00 2.097982134812521160e+00
-1.431729879390315485e+00 2.091570921794689841e+00
-1.430985012907076692e+00 2.093312567669844082e+00
-1.430877548671017907e+00 2.093975915229278506e+00
-1.430928309841385859e+00 2.099064197481676164e+00
-1.430934824119888038e+00 2.097517951470779796e+00
-1.429514469328432291e+00 2.093988150798224090e+00
-1.428910653613462367e+00 2.082502620849864261e+00
-1.427693007000599534e+00 2.092507778614457248e+00
-1.427608592605419835e+00 2.098948699032759713e+00
-1.424386958286882665e+00 2.088022260199235980e+00
-1.424395994427517520e+00 2.083710539293627928e+00
-1.424067084621565060e+00 2.081146885654330259e+00
-1.423372727286590589e+00 2.071062335826833412e+00
-1.416513379370114123e+00 2.055036755233626167e+00
-1.414884418145856859e+00 2.063729296699231774e+00
-1.414431345276419227e+00 2.061164848566463981e+00
-1.414334689937949863e+00 2.067130061794343554e+00
-1.419623976883954031e+00 2.080839218727938533e+00
-1.420834836495792786e+00 2.075759087687381932e+00
-1.422100044814297970e+00 2.091301477614582627e+00
-1.422096102602242507e+00 2.091339758743031130e+00
-1.420581982189968118e+00 2.074041762061688221e+00
-1.420193815178170782e+00 2.068173490430334382e+00
-1.419830174043814175e+00 2.052412638422159930e+00
-1.420278343272898924e+00 2.037117155154817283e+00
-1.420089222820675401e+00 2.035512659010207948e+00
-1.420178483046881102e+00 2.049459561812300379e+00
-1.420212810306645590e+00 2.045397173299003502e+00
-1.419936420374936725e+00 2.049327147581287090e+00
-1.419158094383968560e+00 2.056753544354392282e+00
-1.415391703338837681e+00 2.051432753861645697e+00
-1.413798449603103968e+00 2.091340406933755780e+00
-1.416403192511494824e+00 2.087496594926151694e+00
-1.415537294619094277e+00 2.083614328662980686e+00
-1.415329728737608095e+00 2.075531094382512709e+00
-1.415352624832952655e+00 2.085628846348257959e+00
-1.413163053361260912e+00 2.086478169097114144e+00
-1.413339403246681947e+00 2.112829953305759734e+00
-1.413312777229823736e+00 2.113364980430659124e+00
-1.412374885210281539e+00 2.108935553916392536e+00
-1.410922979434060531e+00 2.098467043194653048e+00
-1.410055781560390020e+00 2.067255441297460639e+00
-1.408654897699554098e+00 2.062822435817626587e+00
-1.408266263579900146e+00 2.070444903262680825e+00
-1.408044036807090116e+00 2.070137989610675522e+00
-1.409518346720004311e+00 2.064841598531901301e+00
-1.408770040789773415e+00 2.065999435306717924e+00
-1.410280284115082994e+00 2.060790926404924672e+00
-1.409362377317264325e+00 2.060586704107826517e+00
-1.409314824604594119e+00 2.060623883452113780e+00
-1.409229099374807559e+00 2.062147292666186349e+00
-1.408810973851408521e+00 2.045811202768432313e+00
-1.408363120571473504e+00 2.049128877246994218e+00
-1.406499622639842073e+00 2.066604443283223347e+00
-1.405276832408077770e+00 2.066429511765091487e+00
-1.404459187445187940e+00 2.050254331419673726e+00
-1.403978137810349747e+00 2.043617374151371013e+00
-1.403748811722251633e+00 2.042470868477309409e+00
-1.401502334111072834e+00 2.031200736119103567e+00
-1.404289408938741435e+00 2.021313048043608784e+00
-1.405577988101652132e+00 2.024883483648097116e+00
-1.405459588897950640e+00 2.029996099502730633e+00
-1.405088480020584951e+00 2.026550042307308619e+00
-1.404977478482494213e+00 2.028292239203949521e+00
-1.405083072418818801e+00 2.027088984450265752e+00
-1.406812536479446152e+00 2.047347570111477388e+00
-1.407114316631906448e+00 2.054745861999184964e+00
-1.407681669366883215e+00 2.058129068031145259e+00
-1.408440513785112147e+00 2.055637892950081369e+00
-1.408997293925760008e+00 2.050888668986975194e+00
-1.409039688408157076e+00 2.074632570409412402e+00
-1.409405974130375938e+00 2.079969926081662202e+00
-1.411152744569835971e+00 2.068276388902279272e+00
-1.409488292017942568e+00 2.064355500158370660e+00
-1.410014823807623774e+00 2.051700371409916013e+00
-1.412477106576890851e+00 2.060024453278922696e+00
-1.413010917588938931e+00 2.063544422088778862e+00
-1.413162123585801178e+00 2.113936298902516775e+00
-1.413746601795755842e+00 2.122843900245593218e+00
-1.413694322866789976e+00 2.122639957267884903e+00
-1.413531390382987141e+00 2.119079167544252407e+00
-1.415768618420649272e+00 2.118111319002747184e+00
-1.414927086962319613e+00 2.117220213380759386e+00
-1.415251873532180182e+00 2.115102035121817714e+00
-1.415026056896183215e+00 2.120471045815701228e+00
-1.409299755326676618e+00 2.088078206094290845e+00
-1.410221663967057948e+00 2.067187733226213187e+00
-1.410250894556900780e+00 2.065299194333869437e+00
-1.409379510728364426e+00 2.071146322455533539e+00
-1.408542564961274168e+00 2.068257320059539772e+00
-1.406250396367719535e+00 2.061440531479802107e+00
-1.405821428514792748e+00 2.053977574392007011e+00
-1.405772065576244678e+00 2.046963189111875359e+00
-1.405133650366704678e+00 2.049378645424704271e+00
-1.403387021612875429e+00 2.037934702649573993e+00
-1.402650382598446210e+00 2.028982760294685939e+00
-1.406067817086129157e+00 2.025199743832924337e+00
-1.408305360150078789e+00 2.017982762857847945e+00
-1.410163291628640625e+00 2.033732605392497117e+00
-1.409558549255794713e+00 2.029766439023685809e+00
-1.409653155975151062e+00 2.035345670372108895e+00
-1.409100629435114715e+00 2.034366239230406492e+00
-1.408056375564909812e+00 2.037184484520357053e+00
-1.411515207287192597e+00 2.031892582333474806e+00
-1.411151375708108002e+00 2.015644208867083620e+00
-1.409311209441140189e+00 2.016595302979505178e+00
-1.407892620656262306e+00 2.015679164056725092e+00
-1.409534094783183145e+00 2.011761595838742256e+00
-1.408921952933247512e+00 2.013872193580683145e+00
-1.407564818040282661e+00 2.007356629567429884e+00
-1.406632540735559100e+00 1.985436137976878790e+00
-1.406786250453482712e+00 1.989273379693905275e+00
-1.406659755432281056e+00 1.988296034359211761e+00
-1.405250525622273594e+00 1.988655193581027492e+00
-1.403069891709772143e+00 2.002014403758247685e+00
-1.406172774587263863e+00 2.013194106754465196e+00
-1.406101540762707103e+00 2.024448665496787036e+00
-1.405852013444247817e+00 1.988346266528585149e+00
-1.405853730024123616e+00 1.988412379536095065e+00
-1.405820801896006333e+00 1.983984051205128774e+00
-1.406186992533601909e+00 1.983829522539936496e+00
-1.407527022335302025e+00 1.989243289754660804e+00
-1.408146651615055589e+00 1.995010122471396974e+00
-1.408926420593434647e+00 2.004131187430496563e+00
-1.407080779116293812e+00 2.017394482601228223e+00
-1.406935818636249502e+00 2.017219496427245851e+00
-1.408742333358515841e+00 2.018035750696040687e+00
-1.409020564997520264e+00 2.037906621439792954e+00
-1.406841800364616812e+00 2.045925193454976032e+00
-1.406988757169290949e+00 2.054319212026284536e+00
-1.407131343847306315e+00 2.058091882384913696e+00
-1.405067195528536317e+00 2.064370602236356156e+00
-1.407339426777704627e+00 2.069395489971106006e+00
-1.408519446949328291e+00 2.066271031945635439e+00
-1.407703465302746260e+00 2.068455334322516492e+00
-1.408498424430887352e+00 2.067903786950078260e+00
-1.407938399155466147e+00 2.072297254955415724e+00
-1.407457335424830758e+00 2.072641361110413971e+00
-1.408497979531915023e+00 2.076939933531792626e+00
-1.407449785179651025e+00 2.066982041690336391e+00
-1.406732390787284626e+00 2.068939553076629689e+00
-1.407452300685168689e+00 2.067406602314122654e+00
-1.407352591925575380e+00 2.078420679225454482e+00
-1.407000451947582942e+00 2.071530476198265358e+00
-1.406341482564261502e+00 2.057948874808025241e+00
-1.405500202452264924e+00 2.055729113357514848e+00
-1.405002214450994158e+00 2.054280904220037396e+00
-1.405084102346824793e+00 2.052200660229276608e+00
