-4.000000000000000000e+00 4.000000000000000000e+00
-3.918195671361817567e+00 3.952430252792352494e+00
-3.852714275579157466e+00 3.917545071482388952e+00
-3.792949353326306561e+00 3.888600405079530642e+00
-3.727261810902573469e+00 3.854191590704917569e+00
-3.679229256707986728e+00 3.831435297380340721e+00
-3.628995154832830305e+00 3.812704019085006557e+00
-3.573032721005131584e+00 3.784784382854867513e+00
-3.521323895321138320e+00 3.764267167395804137e+00
-3.468977271951038777e+00 3.736929526012897185e+00
-3.423352659542332255e+00 3.713715819994909850e+00
-3.370813372326681545e+00 3.687808505365181677e+00
-3.330250901672868302e+00 3.662971990872232020e+00
-3.293420465226695626e+00 3.647325343268406073e+00
-3.231012886971535547e+00 3.615067746670297399e+00
-3.184614685423508007e+00 3.598861068566770793e+00
-3.139110302035155176e+00 3.583686510265127634e+00
-3.106506738816274815e+00 3.564451533843977504e+00
-3.082359032339107241e+00 3.556545990545977975e+00
-3.065069700263639785e+00 3.551850692190670955e+00
-3.028054473836946148e+00 3.529150614017996901e+00
-2.985349212923400053e+00 3.516014882187948665e+00
-2.943337221690224492e+00 3.496123319321273737e+00
-2.903260664952000969e+00 3.478391715318515764e+00
-2.865832492505735907e+00 3.464281275215570055e+00
-2.834182276849439130e+00 3.455201718143143808e+00
-2.793814662230063917e+00 3.442438362008320762e+00
-2.776312519348605790e+00 3.435340408532783663e+00
-2.732406222016369401e+00 3.405420557659670333e+00
-2.693030122223204703e+00 3.382706425394369276e+00
-2.657133941653790909e+00 3.376783934534127951e+00
-2.625500238683659671e+00 3.372863068394464925e+00
-2.610204316515736700e+00 3.369994976985585033e+00
-2.591788494249979369e+00 3.350179954386975023e+00
-2.565531649646904722e+00 3.345447862260232164e+00
-2.532794625785507403e+00 3.320435863037462632e+00
-2.502148075219177592e+00 3.301206959998141954e+00
-2.473861556982571930e+00 3.283562474317508695e+00
-2.448957278008772942e+00 3.288597706335119941e+00
-2.440600386489958140e+00 3.276877530583922837e+00
-2.402867180417031179e+00 3.252253272629266334e+00
-2.380003861677357335e+00 3.246832375617677791e+00
-2.364163250679932826e+00 3.239028981288197606e+00
-2.315840233825818384e+00 3.214068702267975919e+00
-2.313134953861135656e+00 3.218999982110409164e+00
-2.304956555780290905e+00 3.204701743318255414e+00
-2.287918312898570505e+00 3.184613914944895985e+00
-2.267188827816048136e+00 3.165225151584377894e+00
-2.238157046864853061e+00 3.153590396626502645e+00
-2.236740452643911858e+00 3.134606793952324999e+00
-2.198261160515904589e+00 3.111831632169874240e+00
-2.159293081454931151e+00 3.081451634962729891e+00
-2.135165865653160910e+00 3.054693167177477520e+00
-2.116418812255205673e+00 3.051778968394434521e+00
-2.121353330714081054e+00 3.040363000015074313e+00
-2.067452532537569443e+00 3.014903436557891947e+00
-2.031798997501837789e+00 2.983745350982242694e+00
-2.018884080162493877e+00 2.998646927692985464e+00
-2.005798988964187402e+00 2.993171033222479682e+00
-1.972888681936690869e+00 2.979618479155066613e+00
-1.973579028152845583e+00 2.974008741926699617e+00
-1.970947396121184081e+00 2.975254923811160968e+00
-1.969314265206148606e+00 2.965887755630592260e+00
-1.909857441535272482e+00 2.932916180066630574e+00
-1.906588835451986874e+00 2.927671376165663641e+00
-1.890737904822375359e+00 2.909615801587005723e+00
-1.885510982025451865e+00 2.905283819805569046e+00
-1.843665442799310883e+00 2.886646774782784863e+00
-1.842704420656198216e+00 2.866755456215427156e+00
-1.834669233258858112e+00 2.861810604867880858e+00
-1.826706798783295449e+00 2.845577116643983828e+00
-1.820844168426122511e+00 2.848965047534240735e+00
-1.785444381091502386e+00 2.807512041296856165e+00
-1.756239540840343061e+00 2.780642343999621513e+00
-1.740961309678101143e+00 2.759457269796709689e+00
-1.707581380950516037e+00 2.758147696327213350e+00
-1.685230285055885568e+00 2.709105423791654310e+00
-1.678465749562773057e+00 2.699424593399087691e+00
-1.673817480391857071e+00 2.695859494059232642e+00
-1.656946453295217170e+00 2.688068762120862321e+00
-1.634483204395787537e+00 2.673177174985241766e+00
-1.586606652553747221e+00 2.648200374096720378e+00
-1.587832401037281960e+00 2.649541924951468452e+00
-1.586203833490444248e+00 2.639171872234243654e+00
-1.580113305723276351e+00 2.635896630960895770e+00
-1.574797638763647090e+00 2.629607724125905932e+00
-1.562211914928580470e+00 2.625354789263591559e+00
-1.556587257366943922e+00 2.621273129185652806e+00
-1.551215277832478145e+00 2.618415529921428231e+00
-1.533691631571058034e+00 2.591910114798169573e+00
-1.523201900609474801e+00 2.557057463952407073e+00
-1.532015374810002717e+00 2.579450169812802507e+00
-1.525074780752980974e+00 2.574202777329378744e+00
-1.543899583979343237e+00 2.580955896890591017e+00
-1.566862664239144998e+00 2.584099087159577923e+00
-1.557631535496666553e+00 2.580756549849520187e+00
-1.544215440007336237e+00 2.562986936584770614e+00
-1.550925841525652382e+00 2.565069000884421691e+00
-1.507744371708326758e+00 2.544428708298874575e+00
-1.497097059667748864e+00 2.529159689367050490e+00
-1.505910214664513136e+00 2.508030675500741324e+00
-1.509279262120322596e+00 2.499376873872038107e+00
-1.511573972906252061e+00 2.492669242900147353e+00
-1.502891201218885087e+00 2.453371552491974583e+00
-1.498930491586562219e+00 2.456620380389566538e+00
-1.481035804611209983e+00 2.425594563380475854e+00
-1.477485952457888274e+00 2.418036425144288959e+00
-1.486183433742282123e+00 2.425409236909533917e+00
-1.506597320727159905e+00 2.400145373677318617e+00
-1.497704834035940236e+00 2.384137170029377195e+00
-1.491916533601057138e+00 2.376846513724747645e+00
-1.477812710793612760e+00 2.377987212120733052e+00
-1.474300473741100070e+00 2.377198610446500382e+00
-1.476269476326926622e+00 2.375807222091075310e+00
-1.476749753251269226e+00 2.363214020279610139e+00
-1.476588839010790188e+00 2.355535113654561030e+00
-1.476869557209306461e+00 2.355032505493201533e+00
-1.497047731919849856e+00 2.371150187099422268e+00
-1.487374756234024709e+00 2.348493987355266377e+00
-1.490731281470550895e+00 2.340825230292898684e+00
-1.488718794052699357e+00 2.332410882604471158e+00
-1.480906431058888861e+00 2.317043194407831574e+00
-1.466109686358014752e+00 2.299873126786346589e+00
-1.464694526020140275e+00 2.302633109496567965e+00
-1.447766012191713525e+00 2.303546884401959982e+00
-1.454788753700211545e+00 2.297238767618037691e+00
-1.442018545505730609e+00 2.291890291094003551e+00
-1.449647341746017615e+00 2.297436953714446339e+00
-1.451416925671608071e+00 2.289404124936312179e+00
-1.449223480597550573e+00 2.274344819386935779e+00
-1.452102106761775202e+00 2.269004621891651752e+00
-1.453356224063018676e+00 2.272135150102855494e+00
-1.470499785826739458e+00 2.273665774318858190e+00
-1.483439211415550796e+00 2.273981918065791419e+00
-1.475429969277544995e+00 2.258858765270699287e+00
-1.483913595536394459e+00 2.252513696277425925e+00
-1.478821530314992083e+00 2.249496845156986335e+00
-1.458163416671497625e+00 2.240046198337889205e+00
-1.466870114822808047e+00 2.227807246834383026e+00
-1.466829889039137136e+00 2.229487560319432848e+00
-1.464086837557284415e+00 2.215335235264682012e+00
-1.468211624124167614e+00 2.215555445898355291e+00
-1.458243991613461521e+00 2.213058759179325818e+00
-1.457640576701437984e+00 2.216286250581414929e+00
-1.463946958039143764e+00 2.197799624748534519e+00
-1.458158380598988613e+00 2.176770906335995903e+00
-1.444742114385850318e+00 2.175604687149461203e+00
-1.438999560466847072e+00 2.175930283909837559e+00
-1.435069194133651305e+00 2.185547436132722510e+00
-1.436103755442252439e+00 2.187121569248893227e+00
-1.434644925638681290e+00 2.180457437414437649e+00
-1.428287589180428085e+00 2.181846613999625983e+00
-1.422993326425807448e+00 2.174841657051612032e+00
-1.415430468453158896e+00 2.182008290123216288e+00
-1.411391230741108060e+00 2.178545674554474676e+00
-1.414442847572275008e+00 2.190731958021122416e+00
-1.422607638335940949e+00 2.185343619599990461e+00
-1.423672352427774124e+00 2.174318145987217843e+00
-1.424857802657021777e+00 2.175777359145306900e+00
-1.413950771476350177e+00 2.187912636462392424e+00
-1.420398110483289011e+00 2.201606531591130622e+00
-1.425002317802256613e+00 2.199748358746567156e+00
-1.417076321634058500e+00 2.190084887338681785e+00
-1.414093906915629528e+00 2.184700618375368997e+00
-1.404611963551756659e+00 2.185541529676330974e+00
-1.431063150427632547e+00 2.163045459916599800e+00
-1.435693418978524871e+00 2.168083479294180993e+00
-1.423966182154242199e+00 2.157254749671533300e+00
-1.419579937082616095e+00 2.152857511347895603e+00
-1.421654281529696640e+00 2.147520451565452237e+00
-1.413280659360910407e+00 2.162055655789851816e+00
-1.400771151981328844e+00 2.174172388430105407e+00
-1.408558550494904305e+00 2.169524344832812979e+00
-1.398435725181483846e+00 2.151524479945376989e+00
-1.395776227574340167e+00 2.134793088199969269e+00
-1.382853374064580976e+00 2.121499881736956805e+00
-1.391247700171063029e+00 2.115523771288888355e+00
-1.386889669009769177e+00 2.113301513157273881e+00
-1.390598557681965497e+00 2.115833019860267949e+00
-1.406490447147966005e+00 2.111033359107667096e+00
-1.396255757092614624e+00 2.121332888163046881e+00
-1.396005184831043078e+00 2.118238445952980165e+00
-1.413074362217471069e+00 2.104990925057457218e+00
-1.411618747237303406e+00 2.107147008935069454e+00
-1.421467389739592413e+00 2.106297320779649151e+00
-1.406055214060833780e+00 2.110908550548528329e+00
-1.404409680770031477e+00 2.112231900612818514e+00
-1.414680546973219766e+00 2.113813556065674337e+00
-1.414873686512458484e+00 2.116282697519331180e+00
-1.411343886506081446e+00 2.118910364398179258e+00
-1.403997106529933259e+00 2.114399935822093735e+00
-1.400493430402919071e+00 2.115576307887445218e+00
-1.397434515197270688e+00 2.116788569180909185e+00
-1.401227560180959397e+00 2.114088585218412586e+00
-1.405099944959292024e+00 2.129598342808546985e+00
-1.400373732301526175e+00 2.132655374874020904e+00
-1.395192565263336348e+00 2.130047061619890325e+00
-1.389769243227793494e+00 2.129380253783506483e+00
-1.386179730323265913e+00 2.117590523305332262e+00
-1.386043924782752512e+00 2.120570133192949847e+00
-1.396615643811500274e+00 2.122367187395513444e+00
