-3.000000000000000000e+00 1.000000000000000000e+00
-2.983189118043795052e+00 1.393972201587042381e+00
-2.973061424762108551e+00 1.608982140852335485e+00
-2.966515173602359834e+00 1.729864562513603543e+00
-2.959666524038349511e+00 1.820180649544134166e+00
-2.952874357373000969e+00 1.910569466338227995e+00
-2.950409409935185412e+00 1.962760109282017051e+00
-2.943927394047390234e+00 2.026262677768177589e+00
-2.941896869718099161e+00 2.054722163827062964e+00
-2.940698949790914618e+00 2.084287680914080454e+00
-2.938469888515618411e+00 2.101507431895329070e+00
-2.937039526612511331e+00 2.116493729417873393e+00
-2.929482451659396691e+00 2.157149766591142992e+00
-2.923689633706784807e+00 2.183505494732050689e+00
-2.922023352267586471e+00 2.195134269070585287e+00
-2.919634946253029106e+00 2.223300383883962006e+00
-2.917518051698683834e+00 2.242481256684047075e+00
-2.915183483145030063e+00 2.257053492366387637e+00
-2.910855956653705334e+00 2.272488671084765155e+00
-2.906766899317484221e+00 2.290799607165746377e+00
-2.902213198794188376e+00 2.318428305149323965e+00
-2.897678697277496163e+00 2.321088295610210572e+00
-2.891582910032985509e+00 2.326088949669215644e+00
-2.889978444696521986e+00 2.336684825968557533e+00
-2.885114607143777654e+00 2.354991862753700094e+00
-2.881391669804472588e+00 2.366299320071159062e+00
-2.877112875419776117e+00 2.368617305596177669e+00
-2.876219505246926822e+00 2.373171484474068116e+00
-2.874499667143888271e+00 2.393705107473039995e+00
-2.872922475504873674e+00 2.403715924332511022e+00
-2.869788197248053674e+00 2.407685172743131208e+00
-2.865518750195173769e+00 2.417381421748916015e+00
-2.862572349525322579e+00 2.417594665766499951e+00
-2.857083392495663787e+00 2.429161190254702340e+00
-2.855026015648002513e+00 2.445300128467914558e+00
-2.852076639966081739e+00 2.448081240789776736e+00
-2.849059339988685213e+00 2.449876982791741042e+00
-2.843513762615379026e+00 2.436715976445781529e+00
-2.839490254183273610e+00 2.444657813636292421e+00
-2.838089011263063455e+00 2.456629863559329330e+00
-2.836350422787706993e+00 2.454579389070030704e+00
-2.832064421445321667e+00 2.459880351037307733e+00
-2.823838754653202443e+00 2.458931289317527025e+00
-2.820043360163926316e+00 2.456409754931137890e+00
-2.817773819106697886e+00 2.455000365054231803e+00
-2.817236268230147278e+00 2.457625939716493235e+00
-2.815569762995915326e+00 2.452568373028416016e+00
-2.811317709730149161e+00 2.455730030096746397e+00
-2.808498782337656152e+00 2.461341576394036057e+00
-2.806926066806879838e+00 2.465738789577569090e+00
-2.804871273074871496e+00 2.477871124220421439e+00
-2.798258827100448709e+00 2.471811338537719838e+00
-2.794486676823509708e+00 2.470939228410421684e+00
-2.793855633234078262e+00 2.469713079518962573e+00
-2.789080569644513119e+00 2.464538340475547429e+00
-2.786939570064867144e+00 2.475522797362645910e+00
-2.783917260783411507e+00 2.480067080766170662e+00
-2.780649823276571730e+00 2.492680003082969886e+00
-2.781602850783424508e+00 2.507271150601571019e+00
-2.780119983707093123e+00 2.508705457341527723e+00
-2.776360224458472192e+00 2.520292175270758328e+00
-2.773372536280396261e+00 2.522161354650147569e+00
-2.767796548573735471e+00 2.524904713718716387e+00
-2.766375697855052884e+00 2.529166306723145130e+00
-2.761929582533067862e+00 2.535817257840436323e+00
-2.754976029802564508e+00 2.523625382275106688e+00
-2.751810105478925461e+00 2.523082141877639906e+00
-2.741174257252199986e+00 2.519155743658767488e+00
-2.740793597400329240e+00 2.524879857872607936e+00
-2.740450649727101951e+00 2.535801267240007206e+00
-2.734088035964078234e+00 2.537300590664384625e+00
-2.729538947562490936e+00 2.523453935603719778e+00
-2.727761478574197263e+00 2.520806150366297071e+00
-2.725650084668727047e+00 2.543260015276950003e+00
-2.723278827409798541e+00 2.546019564330121110e+00
-2.719345381266927486e+00 2.553883440904659796e+00
-2.716604194364765856e+00 2.560722165229808223e+00
-2.714588559093289444e+00 2.571549488194472932e+00
-2.711189968152037277e+00 2.549247697989881711e+00
-2.707283038332465530e+00 2.543397631101052880e+00
-2.701767047129790100e+00 2.519692594807106722e+00
-2.698851696144010770e+00 2.534876893269238707e+00
-2.697126312786768398e+00 2.538877200110352117e+00
-2.696995689704665189e+00 2.561005598376898451e+00
-2.697643391593125717e+00 2.559736787173411354e+00
-2.692733642165294317e+00 2.539003106748356942e+00
-2.690389566016055500e+00 2.532858361074168396e+00
-2.684475131492178868e+00 2.526808859225216253e+00
-2.682032668371713502e+00 2.503132659482848243e+00
-2.680961271646806310e+00 2.518362556062280433e+00
-2.677552895869225846e+00 2.520925798512497540e+00
-2.673255978770759711e+00 2.504831466979928312e+00
-2.671541958224260771e+00 2.491345687819377375e+00
-2.667205603012162918e+00 2.492022150397646740e+00
-2.665444312373869362e+00 2.493700783260587084e+00
-2.661489040601721090e+00 2.501240748487379761e+00
-2.657959444015860040e+00 2.500478660976709122e+00
-2.657427803623725104e+00 2.505223615949382143e+00
-2.655232424700011862e+00 2.517599549475463050e+00
-2.648112320100621364e+00 2.487587481194634798e+00
-2.643467780558713454e+00 2.501977613069179096e+00
-2.641141665874329192e+00 2.499567313025894855e+00
-2.640476913256741831e+00 2.499032304384295688e+00
-2.638252781536228220e+00 2.500180779460115854e+00
-2.635259900429606006e+00 2.517806481583077627e+00
-2.633723243528462987e+00 2.517793562100798077e+00
-2.627567281278104794e+00 2.515752714316214167e+00
-2.625446674989305063e+00 2.507397580251844005e+00
-2.623130652924399620e+00 2.517982776923473942e+00
-2.614221266949560807e+00 2.509587838461189602e+00
-2.613521603110516178e+00 2.513180482317074027e+00
-2.608291651456695170e+00 2.504912276825891126e+00
-2.607966285880722435e+00 2.508040398610917432e+00
-2.607146545553034933e+00 2.512080139068538998e+00
-2.606401159963997127e+00 2.506317480303726697e+00
-2.606011532659015639e+00 2.513979170827985943e+00
-2.607638299697679685e+00 2.531435235275949935e+00
-2.605019615916777997e+00 2.530298429306163221e+00
-2.603842724006549592e+00 2.528586897723610338e+00
-2.598946396453327257e+00 2.515361137241471035e+00
-2.590134841822369527e+00 2.547839160518396096e+00
-2.585608764532834503e+00 2.544471341712668533e+00
-2.582651232505553729e+00 2.541103535425688786e+00
-2.577249692425973127e+00 2.541740947737825884e+00
-2.575567897440782961e+00 2.542418095789996002e+00
-2.575669999127539356e+00 2.555876174356195740e+00
-2.574333362885625753e+00 2.557353410446018049e+00
-2.572672040905790158e+00 2.550640931168074221e+00
-2.569521133578826166e+00 2.555430307154824998e+00
-2.569268234199264977e+00 2.549485762737630612e+00
-2.565806360884314241e+00 2.548703825018776126e+00
-2.562303886581426937e+00 2.551447595543662406e+00
-2.560134440863308214e+00 2.567216773007670927e+00
-2.558968816005422919e+00 2.567691011759477782e+00
-2.556209325542677213e+00 2.571663466356884697e+00
-2.548505615081348541e+00 2.583480364247973782e+00
-2.544725251738324090e+00 2.606630179768538280e+00
-2.541931191067810847e+00 2.596426045185423526e+00
-2.538678270096268008e+00 2.588300700686353650e+00
-2.536458663488514009e+00 2.578473107457539548e+00
-2.536867829664400720e+00 2.604349896270638620e+00
-2.536069005999120218e+00 2.611421582227358318e+00
-2.534613356464952449e+00 2.607569904034372055e+00
-2.529432481923227893e+00 2.573983541397488306e+00
-2.527817185310559989e+00 2.566617171135048725e+00
-2.526537097492977058e+00 2.567416561175242862e+00
-2.522446002420333233e+00 2.539379154900489599e+00
-2.522181722666235526e+00 2.538765351149656624e+00
-2.520336452712568232e+00 2.540196837076977854e+00
-2.519796512636224062e+00 2.550024388346615378e+00
-2.515819674494424341e+00 2.547089678969683302e+00
-2.510988987249596072e+00 2.536093566524978193e+00
-2.510628905124395960e+00 2.541817441937681110e+00
-2.508873836537550250e+00 2.546119744581380129e+00
-2.508334400007483200e+00 2.557193163575629757e+00
-2.505892684325339292e+00 2.565819820695118381e+00
-2.503965772576253634e+00 2.566083300292308689e+00
-2.502109072694657765e+00 2.563509154854266114e+00
-2.502221890901019208e+00 2.605483597123689155e+00
-2.500976509351422905e+00 2.605203224418969121e+00
-2.496842315617424202e+00 2.610321401995337798e+00
-2.495582083476207025e+00 2.596595759940971693e+00
-2.489979018751462103e+00 2.586297694608624909e+00
-2.488030532574497133e+00 2.586152312690889410e+00
-2.487508778173628254e+00 2.594685734892545170e+00
-2.482820343661624740e+00 2.604734930441394258e+00
-2.481655967930120887e+00 2.604226713596267118e+00
-2.480482975394080469e+00 2.599930603775844506e+00
-2.476102240302107571e+00 2.615050459408798211e+00
-2.473496783337042260e+00 2.620790074757160859e+00
-2.471681648133288167e+00 2.616048545039068252e+00
-2.470331093416058277e+00 2.616495023533213171e+00
-2.468047238075688821e+00 2.598030164865530178e+00
-2.466451326549831791e+00 2.606352209629856809e+00
-2.462322918612323885e+00 2.604143411895559090e+00
-2.457765353635069872e+00 2.617200495129257121e+00
-2.455539968363832593e+00 2.617535786106616857e+00
-2.450473705740357389e+00 2.604299788430964657e+00
-2.445728874186705148e+00 2.584539727527885411e+00
-2.434005037249720615e+00 2.555030379418485875e+00
-2.432745814722812039e+00 2.550099857000710735e+00
-2.430077642647760161e+00 2.546354095414198326e+00
-2.430135744932029329e+00 2.540599867157350200e+00
-2.426570154788599165e+00 2.513530715460968068e+00
-2.424083906009303568e+00 2.501538531927423037e+00
-2.419030293551001520e+00 2.512002456328310540e+00
-2.418352733143450894e+00 2.514904342515485336e+00
-2.412920541315520584e+00 2.498801816473447790e+00
-2.412590656607504158e+00 2.499428448802911706e+00
-2.408517957538408805e+00 2.494072619468780783e+00
-2.406857461447876378e+00 2.501569143925157501e+00
-2.405515023519571916e+00 2.496757461309492498e+00
-2.403101961712595713e+00 2.507569872514090914e+00
-2.399920796338556706e+00 2.531033195604045272e+00
-2.395682567415101882e+00 2.519093900229930849e+00
-2.396548927752518932e+00 2.529207809712231914e+00
-2.395759616441730966e+00 2.540884132871397583e+00
-2.394467356843184014e+00 2.537065239358905711e+00
-2.390667495309891866e+00 2.504810776724517130e+00
-2.385461585699044651e+00 2.502352614783793783e+00
-2.384435759527592680e+00 2.508446851099634056e+00
-2.377758659652056128e+00 2.495312870075858669e+00
-2.367126477292173181e+00 2.493966905085700958e+00
-2.362103424478713354e+00 2.488079898136053014e+00
-2.357980624772640699e+00 2.470878210672782238e+00
-2.357756134198885078e+00 2.474743082705679331e+00
-2.355076626600676182e+00 2.474262350665385135e+00
-2.354901021334871558e+00 2.467696161679308275e+00
-2.350912526533434299e+00 2.456044844937804505e+00
-2.347220952107067493e+00 2.441644532983997973e+00
-2.341424966963336907e+00 2.438955135354955672e+00
-2.338897786229768183e+00 2.437786135147615330e+00
-2.337361072294166675e+00 2.419949417350066856e+00
-2.334133823547163367e+00 2.434213155491955050e+00
-2.331397451505603513e+00 2.448446958143482455e+00
-2.324145311662071389e+00 2.440290263410020533e+00
-2.321315569749437646e+00 2.426730588228971364e+00
-2.319954842543249462e+00 2.438475158505445606e+00
-2.316726069677254252e+00 2.432579673452241575e+00
-2.314541047312718369e+00 2.430843866104999140e+00
-2.309340280711029703e+00 2.398810759372170587e+00
-2.309996535333833201e+00 2.394593410599040517e+00
-2.303804994127532257e+00 2.396349861915012536e+00
-2.301302991537922615e+00 2.382723488434167258e+00
-2.297807863464182088e+00 2.364585811420832684e+00
-2.294145568037651461e+00 2.373077235085947922e+00
-2.292767782890269945e+00 2.378632430364671535e+00
-2.290086351161535472e+00 2.384884616149647751e+00
-2.290038716395812912e+00 2.404491697502026071e+00
-2.286920039410664351e+00 2.401824993523964391e+00
-2.281811260734196711e+00 2.406972139998938776e+00
-2.281061641246854954e+00 2.401829879749608487e+00
-2.278143925016707705e+00 2.398272691478501972e+00
-2.275560622575336645e+00 2.398226619713490493e+00
-2.271377909551348662e+00 2.399489362215932342e+00
-2.269345168071188912e+00 2.393453634589250978e+00
-2.268342880836424769e+00 2.409226599494123544e+00
-2.263155559056492461e+00 2.431745024383720200e+00
-2.262997275674945019e+00 2.428407438557923292e+00
-2.256561536026127968e+00 2.404756379772865493e+00
-2.255406420925606170e+00 2.395669362452708562e+00
-2.254116348634350064e+00 2.385517097723146573e+00
-2.253159210945457236e+00 2.387070495317896501e+00
-2.249595587669034114e+00 2.374360519991637553e+00
-2.244049672181048116e+00 2.361427660946259000e+00
-2.245246142572673520e+00 2.372098582992274718e+00
-2.243040065607726508e+00 2.392994995176902950e+00
-2.241958122345349746e+00 2.384257685800559301e+00
-2.240874847669384717e+00 2.376061684757814874e+00
-2.240276658903090468e+00 2.374739978285669739e+00
-2.235552995297361623e+00 2.357795386807162163e+00
-2.233760204009213712e+00 2.356345486095078989e+00
-2.233587999693713577e+00 2.348919097441866999e+00
-2.232473883321707042e+00 2.371173070940931549e+00
-2.227389843131823977e+00 2.350909952588319474e+00
-2.226000569018304454e+00 2.354292358723355516e+00
-2.223096494104863652e+00 2.361230014533386434e+00
-2.219685509436130300e+00 2.361741481704433099e+00
-2.215213034092244015e+00 2.361484190763528002e+00
-2.210841715764213511e+00 2.361033459844114279e+00
-2.210415634500872528e+00 2.362480106841613914e+00
-2.207759312225049619e+00 2.361159410272362535e+00
-2.206393428702305037e+00 2.359259097470999933e+00
-2.205135463323297351e+00 2.387623637598093040e+00
-2.204938595052218897e+00 2.400000572891197947e+00
-2.199762366177982820e+00 2.374092366840925727e+00
-2.198939751422890776e+00 2.406613474637258498e+00
-2.193846119136337869e+00 2.399876550780859041e+00
-2.192553036145249212e+00 2.401967160821310454e+00
-2.191295923753172392e+00 2.413273235190113386e+00
-2.189308367290154322e+00 2.439995397454536974e+00
-2.188073598251752738e+00 2.441630087639223845e+00
-2.187164835346838476e+00 2.452482378563212162e+00
-2.184160813065170181e+00 2.454983789650869497e+00
-2.183135840135094430e+00 2.455859325895938472e+00
-2.181903598687166212e+00 2.454650823953131944e+00
-2.181410946459557465e+00 2.459686069810364195e+00
-2.178977864224325156e+00 2.471245682226124174e+00
-2.173377545722019466e+00 2.467282329858591972e+00
-2.171318466131198832e+00 2.466018739087184386e+00
-2.167110292781099457e+00 2.471352773199249064e+00
-2.166887431349012072e+00 2.491528005035725357e+00
-2.161329829555062254e+00 2.483649250432224953e+00
-2.157446267540595208e+00 2.495276694160304842e+00
-2.156907529285054359e+00 2.498481874642131118e+00
-2.154093253779676864e+00 2.499032545068364364e+00
-2.151029643059879870e+00 2.490385173446428624e+00
-2.151150889364784824e+00 2.492727222435052958e+00
-2.144473378583146683e+00 2.505505016439273369e+00
-2.143534351093783652e+00 2.497628600557229461e+00
-2.141449896201656600e+00 2.509998976875208676e+00
-2.138797454967826805e+00 2.513015945188367795e+00
-2.138110130545389787e+00 2.534804684502612648e+00
-2.139054505723686717e+00 2.548578578099583325e+00
-2.135686798767695738e+00 2.541919465065718864e+00
-2.131528287319973458e+00 2.554550306583618369e+00
-2.125077572045858787e+00 2.542564969385507467e+00
-2.120872817197129834e+00 2.534139119561296116e+00
-2.120142581839270957e+00 2.535529004102211381e+00
-2.116160440850507918e+00 2.519804788864916656e+00
-2.115466734603851595e+00 2.524401206637614692e+00
-2.115310339861284916e+00 2.526881575860594253e+00
-2.114662372805671264e+00 2.526698815170134615e+00
-2.114331946001148044e+00 2.523498303891043459e+00
-2.113831756423746100e+00 2.525638760650759540e+00
-2.116650426375790151e+00 2.529505333791621791e+00
-2.116131049478370496e+00 2.550648651751183937e+00
-2.113665748356715390e+00 2.561473326194913636e+00
-2.113195798565476569e+00 2.569907203478151381e+00
-2.112719234697635784e+00 2.589655322063042053e+00
-2.111396120838378465e+00 2.593564745984366926e+00
-2.109970155374352174e+00 2.593130882450269237e+00
-2.110028325474807787e+00 2.608505258491033985e+00
-2.106614307260974872e+00 2.582678731040084497e+00
-2.104047946179754103e+00 2.577366663164104121e+00
-2.101602140859085477e+00 2.580703000201508779e+00
-2.099942029598043991e+00 2.588223569896678455e+00
-2.101165638418658776e+00 2.601389394574952885e+00
-2.099406340966667006e+00 2.580324804134724648e+00
-2.093884284274071916e+00 2.558875737909475756e+00
-2.090835588172719639e+00 2.551767304488416599e+00
-2.090013356029040370e+00 2.566712654212114142e+00
-2.087724942113464710e+00 2.576000618381450114e+00
-2.085193479252715587e+00 2.577898812804196638e+00
-2.086274334942962660e+00 2.578373217125268013e+00
-2.085679989877608609e+00 2.587434398786644163e+00
-2.081105932932016067e+00 2.560254521398520389e+00
-2.072294416938502248e+00 2.530598868139005031e+00
-2.071829147995033704e+00 2.524289057418882987e+00
-2.069325447270618845e+00 2.532465116360551161e+00
-2.067067637514661715e+00 2.540086966320934447e+00
-2.058099908178991466e+00 2.507831817477153891e+00
-2.057254877480745758e+00 2.504678176810719137e+00
-2.050068149277604501e+00 2.483974472994133542e+00
-2.045074613923647089e+00 2.483323473017680083e+00
-2.044480692101172892e+00 2.481421095415691891e+00
-2.042634850361089605e+00 2.472222263172619616e+00
-2.040768585795592838e+00 2.470806783494560843e+00
-2.039853114256541922e+00 2.473024822989894567e+00
-2.038269244655062096e+00 2.490184712958006141e+00
-2.038674293258174508e+00 2.500080903041147273e+00
-2.038582246751630134e+00 2.499410676916101970e+00
-2.037999381238194463e+00 2.500650093780467209e+00
-2.035426033185799621e+00 2.484755347518365021e+00
-2.035376490471123123e+00 2.458886900477747162e+00
-2.034133333758181283e+00 2.466858611318748729e+00
-2.033531944613520270e+00 2.462708668512873178e+00
-2.029676940192609358e+00 2.441316329459295886e+00
-2.027356647393115274e+00 2.443215954814653923e+00
-2.026931323022542308e+00 2.449298276858963508e+00
-2.022547297039232195e+00 2.458062536349696625e+00
-2.020687443189981725e+00 2.439860040594878043e+00
-2.019732783088051598e+00 2.426850191534653423e+00
-2.018715506687747574e+00 2.435071940608494412e+00
-2.016581561172678505e+00 2.433157121187493388e+00
-2.016089908869350023e+00 2.440325501990512791e+00
-2.013850845389449695e+00 2.473716294991357145e+00
-2.012961049021031901e+00 2.473171102954331513e+00
-2.013426185566912885e+00 2.476725095097215945e+00
-2.013222124220581666e+00 2.477479820000474842e+00
-2.011955839088076736e+00 2.484019338589410708e+00
-2.009703398082819614e+00 2.477570180399677024e+00
-2.005020491981790887e+00 2.457118227501764451e+00
-2.004093247628918828e+00 2.456608000541288916e+00
-1.999599780612124400e+00 2.470107587623784351e+00
-1.999130782093249348e+00 2.493939742065448328e+00
-1.997297687951141931e+00 2.480115613708742117e+00
-1.996057992942817050e+00 2.483153178956182483e+00
-1.993777547748540435e+00 2.473535397403242797e+00
-1.991978352883957193e+00 2.470834839638204272e+00
-1.991273089300181987e+00 2.476035846467230517e+00
-1.989247395441910093e+00 2.486510811496349227e+00
-1.987029617460923436e+00 2.467605160220422089e+00
-1.986999973203060321e+00 2.468296697960818964e+00
-1.985493344054965137e+00 2.458914195445843109e+00
-1.985540137158989804e+00 2.468237322450258286e+00
-1.980268814478527872e+00 2.471567570355505339e+00
-1.979488867151305120e+00 2.462662438532729148e+00
-1.974224175405516757e+00 2.478874286964959595e+00
-1.972849763004396184e+00 2.464642332020043014e+00
-1.970029358632795491e+00 2.460008524207048630e+00
-1.963991854908947454e+00 2.446679125921698450e+00
-1.962995655029219799e+00 2.451687766167871541e+00
-1.963172686683574142e+00 2.457381489442147071e+00
-1.958706202057835633e+00 2.424100327834995294e+00
-1.954753574703782748e+00 2.432571546828137254e+00
-1.952309387507888072e+00 2.436732007760572749e+00
-1.951288938490013392e+00 2.438905202352566359e+00
-1.946443033982114379e+00 2.424955200789887577e+00
-1.944033757749387803e+00 2.437370683437258823e+00
-1.940045007217066297e+00 2.451405883460528123e+00
-1.940302661564632825e+00 2.454759088424232516e+00
-1.935158044025975688e+00 2.397829743801003666e+00
-1.934930067748607208e+00 2.397679604688760513e+00
-1.931724187087323630e+00 2.388800391796713551e+00
-1.928552800044744941e+00 2.371496417140099400e+00
-1.927802769799643157e+00 2.376884989827360517e+00
-1.924667283965037834e+00 2.374437002304778943e+00
-1.923843223270672809e+00 2.360489578192003002e+00
-1.912797756276073846e+00 2.305354796295072450e+00
-1.911227258184438282e+00 2.312600000739147621e+00
-1.907420092077732221e+00 2.316678524983498466e+00
-1.904526892177327513e+00 2.315568852541087796e+00
-1.904047188151790859e+00 2.306820491664824946e+00
-1.899270779087956162e+00 2.310718522028580413e+00
-1.898682528455159169e+00 2.313742226115963696e+00
-1.896766713264697257e+00 2.343177645198920800e+00
-1.895971358133963891e+00 2.353701297953123550e+00
-1.887835950427207532e+00 2.315719961168853924e+00
-1.887456214402591259e+00 2.322445007166021202e+00
-1.882702052983534324e+00 2.312531129126159435e+00
-1.879190102252912498e+00 2.314468607001304967e+00
-1.878832007417928995e+00 2.314996126643858343e+00
-1.878324852675270273e+00 2.321073826570769327e+00
-1.878121392308349291e+00 2.318419543278862793e+00
-1.877729010439632695e+00 2.321485906299749491e+00
-1.876940042201836301e+00 2.323466777807757122e+00
-1.877549261987622620e+00 2.333064764201543184e+00
-1.877146423451523827e+00 2.333177057230981344e+00
-1.876747891778745236e+00 2.348460142523635330e+00
-1.873940906838486686e+00 2.336183755599644751e+00
-1.869793389349155621e+00 2.325483642845214138e+00
-1.869812890702033936e+00 2.335999890172713922e+00
-1.868226053000112241e+00 2.347519852839477394e+00
-1.866236617998865199e+00 2.323216845015753762e+00
-1.862473265384253285e+00 2.304672568986870562e+00
-1.860318305526447169e+00 2.313342118040832229e+00
-1.859557200460114856e+00 2.311285684955030284e+00
-1.858568868105955785e+00 2.325139765965744232e+00
-1.857910542497734907e+00 2.322898977650307284e+00
-1.855099937845170244e+00 2.290388915386408097e+00
-1.854991675721255895e+00 2.295735722825341885e+00
-1.853400992174543793e+00 2.286094491458072753e+00
-1.850414398641385016e+00 2.285942763998766392e+00
-1.849611028087075004e+00 2.287205547175530818e+00
-1.849471562662208690e+00 2.286782286259172015e+00
-1.849073802839507064e+00 2.285623174215582587e+00
-1.849508307308214805e+00 2.303084531787678024e+00
-1.847762506284023720e+00 2.330444252165928543e+00
-1.847043784242435205e+00 2.326502610297283891e+00
-1.846346692877010032e+00 2.327180983685119386e+00
-1.842769483644473461e+00 2.335273796936430557e+00
-1.840743835786721405e+00 2.333382291627926541e+00
-1.838357654420042397e+00 2.343047928380211253e+00
-1.835919775994579783e+00 2.358306415367859454e+00
-1.835668114502459147e+00 2.349454677530137925e+00
-1.829202194691804673e+00 2.316337777713026735e+00
-1.829154028541708499e+00 2.320092140159942584e+00
-1.824882263022917117e+00 2.293640038472819498e+00
-1.825810561392739784e+00 2.296569106875814725e+00
-1.824929162773211377e+00 2.306022885066175032e+00
-1.823185117555514045e+00 2.299109633248253903e+00
-1.820852558850145186e+00 2.299711203097724255e+00
-1.820301979284054461e+00 2.302924381585613745e+00
-1.812892963891133302e+00 2.294708949987921187e+00
-1.807101614165291581e+00 2.277072952758667057e+00
-1.806255783964075823e+00 2.274043016018232777e+00
-1.806196149992828071e+00 2.266635028986593525e+00
-1.804369435714586523e+00 2.287350545927485435e+00
-1.801992961222729894e+00 2.294388088932814096e+00
-1.803253015767860346e+00 2.301643528566510000e+00
-1.801533450204192199e+00 2.303547188251009903e+00
-1.798345835385000813e+00 2.324796837843220221e+00
-1.797510160644835375e+00 2.319225256964335458e+00
-1.796854770322074746e+00 2.322400734983562476e+00
-1.795882671070561099e+00 2.322988806391758754e+00
-1.795727826288453954e+00 2.322659247944968808e+00
-1.790464485524867477e+00 2.292817879658519686e+00
-1.789096399935067527e+00 2.277004332808469034e+00
-1.784317087429968307e+00 2.271863717796413162e+00
-1.782799927828405906e+00 2.271382620180368406e+00
-1.782122019655038248e+00 2.268723769638601340e+00
-1.781411163445631773e+00 2.278484238860882805e+00
-1.780204360239811212e+00 2.310049521900767289e+00
-1.779085379494339980e+00 2.309874959412702822e+00
-1.778936172988203834e+00 2.312090145439870792e+00
-1.774800257100369816e+00 2.306791355174826474e+00
-1.772104426077160788e+00 2.303836667641384395e+00
-1.768688024100474099e+00 2.291621073214430204e+00
-1.766977491908182429e+00 2.290468876708496637e+00
-1.766914122551341837e+00 2.292753887258433210e+00
-1.765980316872894695e+00 2.277637153182455521e+00
-1.766077186135185606e+00 2.287656590876799623e+00
-1.763761478011623751e+00 2.279792994361175218e+00
-1.761095724558938924e+00 2.273750534024093106e+00
-1.761932552742352387e+00 2.288422079076993132e+00
-1.761720436223749520e+00 2.288704593214379912e+00
-1.759668979562698743e+00 2.279837263206867970e+00
-1.754467235038314810e+00 2.254372451108842323e+00
-1.753779498262380221e+00 2.260204840362241008e+00
-1.753825019635687710e+00 2.259182677902702885e+00
-1.751745403877571716e+00 2.243665692732702333e+00
-1.747217696571339518e+00 2.211916866162403572e+00
-1.745613389196716936e+00 2.204262336760525187e+00
-1.745657587664985577e+00 2.193709123207931988e+00
-1.744869653886878202e+00 2.189456755626638884e+00
-1.745019110949918240e+00 2.196604890962398304e+00
-1.736717061964869746e+00 2.185516903754436413e+00
-1.736228254570533869e+00 2.186188707192950442e+00
-1.734040863349271433e+00 2.182918535628733725e+00
-1.733206994193115857e+00 2.185304268855654986e+00
-1.731552738376843426e+00 2.184535413800186010e+00
-1.726803022800037057e+00 2.171455493892201716e+00
-1.725367740611436052e+00 2.175357886782657513e+00
-1.722669578669277834e+00 2.150950279310992030e+00
-1.720505064056889299e+00 2.143739034501392027e+00
-1.720058392556229165e+00 2.141280036232476203e+00
-1.718350802229538621e+00 2.136146334382575063e+00
-1.718081401732216351e+00 2.125320794392600909e+00
-1.713278259187876573e+00 2.111634925395193818e+00
-1.711480993051803567e+00 2.127209246040334012e+00
-1.707342396841188492e+00 2.147775690582743646e+00
-1.702836677132111731e+00 2.132017972831121266e+00
-1.701814750626526873e+00 2.133023878755559100e+00
-1.701476789641129805e+00 2.132392760476812033e+00
-1.698753559312854433e+00 2.124853627740202811e+00
-1.694903206481444435e+00 2.126554772704674079e+00
-1.694107536799834612e+00 2.138532873041135485e+00
-1.689534119133830448e+00 2.121260440352281229e+00
-1.689433599255319773e+00 2.139615383600209420e+00
-1.687738646265351861e+00 2.145533914786475815e+00
-1.685994702293610370e+00 2.139276508964256251e+00
-1.685239761420902704e+00 2.141421591447978834e+00
-1.685107412376664726e+00 2.140905487133354601e+00
-1.685146517046668846e+00 2.141302663322123934e+00
-1.683534462409461918e+00 2.147574258656851587e+00
-1.683812058875792550e+00 2.127595794555885433e+00
-1.683342559624104284e+00 2.140758912670357894e+00
-1.683716076147569574e+00 2.147162237025918685e+00
-1.683048364473789693e+00 2.154238836370186760e+00
-1.679804998987658449e+00 2.142927815213762965e+00
-1.679026643839121258e+00 2.139703355121250539e+00
-1.674241698873247364e+00 2.128175388155394199e+00
-1.668944755004653002e+00 2.142650644825137451e+00
-1.667866062347064471e+00 2.141113606266575875e+00
-1.667679040221458742e+00 2.144481575538759177e+00
-1.665142922093679756e+00 2.137243169447656577e+00
-1.665210659951992023e+00 2.136398102093693296e+00
-1.663517245608388206e+00 2.131238000733829185e+00
-1.661115435109864924e+00 2.128414661694410626e+00
-1.660154586045407443e+00 2.153812952515461010e+00
-1.658981652628825687e+00 2.152252007355931251e+00
-1.656041574793350790e+00 2.143562333376074935e+00
-1.655713392158480346e+00 2.152267098123902045e+00
-1.655864398021762440e+00 2.159886986197898207e+00
-1.655629483605856489e+00 2.161069904903999195e+00
-1.655149175372329085e+00 2.163142432674050486e+00
-1.654591720654937870e+00 2.193498985493949949e+00
-1.653861787346444734e+00 2.195219605239026262e+00
-1.652691972397302145e+00 2.183247805314404211e+00
-1.650916103958992132e+00 2.189991660384154493e+00
-1.650506952792201831e+00 2.210189306766413786e+00
-1.648985235140357331e+00 2.211641303138470516e+00
-1.647917859660039674e+00 2.223725308989046745e+00
-1.643693063770375051e+00 2.213430336590804348e+00
-1.641100792041899625e+00 2.221782185927681841e+00
-1.640709413830488517e+00 2.208134157481520088e+00
-1.640185266344291515e+00 2.205146406458154740e+00
-1.633620319234029949e+00 2.188659564076105291e+00
-1.628642245952713452e+00 2.170806180888560366e+00
-1.628565243358908843e+00 2.166660614767058401e+00
-1.628304643247973749e+00 2.163383355663207386e+00
-1.628365054722185512e+00 2.176347269955673180e+00
-1.627493002250208987e+00 2.174251215041422380e+00
-1.626479253637353795e+00 2.169743604927879321e+00
-1.623147640615623111e+00 2.172375910219933814e+00
-1.623483635307117368e+00 2.182986097201844000e+00
-1.620611495453628814e+00 2.162850535817436359e+00
-1.619032652977556053e+00 2.152670451043008359e+00
-1.617187281429623980e+00 2.150037917555459366e+00
-1.612715264733790121e+00 2.149699535692555674e+00
-1.610089780997939757e+00 2.155516846389357255e+00
-1.608887881928700914e+00 2.167844357962458002e+00
-1.606989578429010690e+00 2.166213764413798426e+00
-1.606368628132445631e+00 2.162309663810321858e+00
-1.608003522998694645e+00 2.196631065385212800e+00
-1.608523164822097229e+00 2.206893900609412373e+00
-1.605070627953739670e+00 2.205194199502249486e+00
-1.604453960026322124e+00 2.205297647456168519e+00
-1.605447504722322893e+00 2.198860547484474903e+00
-1.606141593864000683e+00 2.186319470803171239e+00
-1.605993473155170159e+00 2.186106409690991903e+00
-1.605883682909850618e+00 2.186440007614135705e+00
-1.606491977573577534e+00 2.191381356793097535e+00
-1.606677366345777402e+00 2.211674378322819212e+00
-1.605554295675253096e+00 2.211101625334976895e+00
-1.600777628631483873e+00 2.188198857682653653e+00
-1.599941746419347499e+00 2.186804624058861890e+00
-1.595593496575306247e+00 2.166387483292746108e+00
-1.595611595049999165e+00 2.166927262628047579e+00
-1.594738836753241351e+00 2.185922626075007091e+00
-1.592809179407053799e+00 2.179557554064216252e+00
-1.592090610502791215e+00 2.188183990350598851e+00
-1.592571323805917816e+00 2.215183312530573545e+00
-1.591569724828021837e+00 2.216668060426542741e+00
-1.590735472941923856e+00 2.216729053202010302e+00
-1.590321110491715428e+00 2.209614212851388704e+00
-1.589554368395346362e+00 2.203267102692164858e+00
-1.589778343934907578e+00 2.225910306708409614e+00
-1.587329540712614007e+00 2.196888878782455201e+00
-1.586626678257500700e+00 2.192981709689810099e+00
-1.586033834314025670e+00 2.205198366139018429e+00
-1.587577904425629738e+00 2.215579579376274921e+00
-1.586298502306276559e+00 2.229676884069515808e+00
-1.585205139582070322e+00 2.232449787126921326e+00
-1.584581391684761309e+00 2.212508647724991562e+00
-1.584009156293309184e+00 2.216267643253857944e+00
-1.582958372053545837e+00 2.211334183133143227e+00
-1.579411011562111167e+00 2.209773096511536750e+00
-1.577514854973918634e+00 2.206172044763261564e+00
-1.577700757536285137e+00 2.207393817282645720e+00
-1.570518015298385306e+00 2.170922064422226239e+00
-1.569160425917716317e+00 2.162871254974203516e+00
-1.568857449782236957e+00 2.171765089995291387e+00
-1.567880235595668914e+00 2.176300413434821390e+00
-1.564942250838494697e+00 2.180685435469540412e+00
-1.563268181972972348e+00 2.178146953317767309e+00
-1.563748436890610716e+00 2.183735151181849687e+00
-1.563633468333920584e+00 2.190600600131265896e+00
-1.561789736345009727e+00 2.175315235140840464e+00
-1.561663722592007364e+00 2.178306385263035327e+00
-1.560233499476230579e+00 2.166293952865256500e+00
-1.558826083764730086e+00 2.156385540592942629e+00
-1.557761483943254754e+00 2.169494943840054368e+00
-1.558552052047694092e+00 2.181264876135250663e+00
-1.557888421820725622e+00 2.182752794598865176e+00
-1.553049169069314672e+00 2.140695469248886873e+00
-1.551113762220375669e+00 2.143282248122095002e+00
-1.549370590029667483e+00 2.143449432164374002e+00
-1.549222864099694785e+00 2.142220392139939200e+00
-1.547805962075316399e+00 2.149616730618963967e+00
-1.546850611209591220e+00 2.137052235838469816e+00
-1.548523630324903033e+00 2.157919658810909525e+00
-1.548668085428544394e+00 2.146382506840767590e+00
-1.548314501869130222e+00 2.145921971319645127e+00
-1.547688323676956967e+00 2.152085430252802745e+00
-1.546401321707315368e+00 2.144262883293533761e+00
-1.546087675101266656e+00 2.144600534384522472e+00
-1.544464297791326546e+00 2.144784173347435541e+00
-1.543405829038873023e+00 2.136440485855455762e+00
-1.541790215787246510e+00 2.143874655858475364e+00
-1.540615184753419076e+00 2.135474595521486219e+00
-1.537910245987618607e+00 2.116263324315234229e+00
-1.535979276857658560e+00 2.109650582554308595e+00
-1.534462445733701941e+00 2.112712816220545520e+00
-1.533439462013694188e+00 2.115998331841013602e+00
-1.532597746991672727e+00 2.117022928600460485e+00
-1.530571088365760613e+00 2.110289495162936291e+00
-1.529666594768199994e+00 2.112207373959078094e+00
-1.528637207432442358e+00 2.122005901348155810e+00
-1.528498635561260421e+00 2.121625816291745181e+00
-1.527012905742590965e+00 2.114941311301527627e+00
-1.526065384824826898e+00 2.116707436688094468e+00
-1.523288438039893444e+00 2.115495155134897498e+00
-1.518837008327270643e+00 2.097670734332512499e+00
-1.518072504213735519e+00 2.098533513609616374e+00
-1.517871590143301308e+00 2.101922022687173985e+00
-1.518021363740495344e+00 2.086300739189627329e+00
-1.514854835255815102e+00 2.096070105696811403e+00
-1.513001702279569649e+00 2.094711738452291971e+00
-1.512982970235409841e+00 2.094224498791603661e+00
-1.511888184975035632e+00 2.091460061817607574e+00
-1.512841966885508205e+00 2.108882298125935861e+00
-1.508877967279306453e+00 2.105577978522658267e+00
-1.508564730950116006e+00 2.105384136131444706e+00
-1.507245435467295280e+00 2.115252173769057276e+00
-1.506875393705305211e+00 2.110146892242845240e+00
-1.505815446867671659e+00 2.096807180513383440e+00
-1.507255354601441999e+00 2.107290000111866402e+00
-1.505088199459820864e+00 2.101163758166887607e+00
-1.506251613717273452e+00 2.132486783680191511e+00
-1.505534480691691268e+00 2.126411103842402284e+00
-1.505523267938972065e+00 2.126550866380116478e+00
-1.507633355408811937e+00 2.138438507766998065e+00
-1.507797528368601814e+00 2.145957711399959944e+00
-1.506237884692695594e+00 2.150893703803324009e+00
-1.506135576419123545e+00 2.157215080523380291e+00
-1.505072039536404116e+00 2.129306579897162433e+00
-1.502756008881108052e+00 2.106418358180018213e+00
-1.500825608584204662e+00 2.100467486508584614e+00
-1.500569679501011944e+00 2.105965978511530778e+00
-1.500369610228193817e+00 2.103756365580569998e+00
-1.499913533098080176e+00 2.103685556125931555e+00
-1.498674103750894160e+00 2.100678993869870226e+00
-1.496552414459401126e+00 2.078085672031462661e+00
-1.495711043803511942e+00 2.069774009537096227e+00
-1.495002828467244305e+00 2.057435556286961287e+00
-1.492163827647447372e+00 2.077361296620974684e+00
-1.492062648290092941e+00 2.098819398553604110e+00
-1.491316069873860117e+00 2.102817090368668485e+00
-1.491241830096602827e+00 2.107062185411793021e+00
-1.491098410539146268e+00 2.126088544514934675e+00
-1.490363001861408687e+00 2.129294266913551503e+00
-1.490184834128482683e+00 2.128240195326236872e+00
-1.490146738277708272e+00 2.123384067765059058e+00
-1.490009740347637557e+00 2.125746938535290731e+00
-1.489900488410648816e+00 2.122570173390734283e+00
-1.489648269364914457e+00 2.116822616749755248e+00
-1.489618505878769206e+00 2.116852133889245646e+00
-1.489607312075391876e+00 2.113707385727749966e+00
-1.488043793172036278e+00 2.122194870219289431e+00
-1.487336386962409218e+00 2.120786750246995478e+00
-1.484370959116068533e+00 2.118346731710695430e+00
-1.484609805338436228e+00 2.095547617869581103e+00
-1.483495336664017117e+00 2.097291948223262370e+00
-1.482843075273767353e+00 2.092685316271576390e+00
-1.482604991313933640e+00 2.079325492847528434e+00
-1.481377416497008159e+00 2.078446139189045638e+00
-1.479770472898099154e+00 2.065971429759886568e+00
-1.482000615253748377e+00 2.060278958767999935e+00
-1.481377730670500492e+00 2.063181968137002720e+00
-1.475694449019029797e+00 2.060534805153053206e+00
-1.474370018545230199e+00 2.054635067107367874e+00
-1.473183308478718700e+00 2.055077978593343513e+00
-1.473521086029271787e+00 2.060254246368780073e+00
-1.473888554738783663e+00 2.091339476850148760e+00
-1.472580889426265749e+00 2.083341340470684866e+00
-1.472089444908891709e+00 2.074567780848592946e+00
-1.473307542565525541e+00 2.072435785557353416e+00
-1.472447046809303384e+00 2.071890685363758866e+00
-1.470255203455888449e+00 2.070406256719713678e+00
-1.471892462661282597e+00 2.081733164355631160e+00
-1.471672394895907399e+00 2.086093895247098651e+00
-1.472007720770286410e+00 2.100680542662813899e+00
-1.471660687229982889e+00 2.110918497072978184e+00
-1.470751405895490249e+00 2.110461193072073804e+00
-1.472438150268264856e+00 2.110010925688090122e+00
-1.469501045610000167e+00 2.120362052951895837e+00
-1.467236921523703330e+00 2.114469715516064330e+00
-1.466938104812054000e+00 2.112450245854426090e+00
-1.467678205738542019e+00 2.116513219800225443e+00
-1.465237429865915875e+00 2.110253950250480681e+00
-1.466143689949595874e+00 2.110084332625530301e+00
-1.465419253201365235e+00 2.108388125618693376e+00
-1.465469832317382926e+00 2.111158948513252920e+00
-1.464196500921544741e+00 2.114877507817061630e+00
-1.463009639800020745e+00 2.112994868240718027e+00
-1.462641396459025689e+00 2.114372037652946457e+00
-1.461849954720210398e+00 2.105422459821408410e+00
-1.461600044679792099e+00 2.105996589236602379e+00
-1.461121165236623387e+00 2.109695601769387086e+00
-1.460536285357746600e+00 2.100860497494581036e+00
-1.460949901621039437e+00 2.111530068784635894e+00
-1.459771266495946129e+00 2.111579763870219839e+00
-1.460883851207779083e+00 2.116568300622428289e+00
-1.460906223638289259e+00 2.114628402074825608e+00
-1.460664552588754272e+00 2.119757902481814948e+00
-1.462093926282062029e+00 2.118601537480310437e+00
-1.462296168843655320e+00 2.141206092995796784e+00
-1.460288123385561132e+00 2.138554780306155756e+00
-1.458695598289296180e+00 2.131738096199989219e+00
-1.459062957410661721e+00 2.137217252189930861e+00
-1.460419682996639601e+00 2.139464689084942250e+00
-1.462234545688234189e+00 2.125622613445790510e+00
-1.463377105138517376e+00 2.120520085021642132e+00
-1.464596687213857384e+00 2.131632782965928286e+00
-1.463692375469095586e+00 2.124950965943236181e+00
-1.463427378817237612e+00 2.117481223122720468e+00
-1.463857219473028382e+00 2.118033246626753741e+00
-1.464311847947895151e+00 2.116745980113618586e+00
-1.463651609325732128e+00 2.119888020932974459e+00
-1.463059962817230719e+00 2.114280133065643774e+00
-1.464144114130134344e+00 2.098316646474451375e+00
-1.463722165084161642e+00 2.097242232883891777e+00
-1.463806316851617551e+00 2.102299191951103818e+00
-1.460964882551600175e+00 2.104402800958120601e+00
-1.461446449276314397e+00 2.120854139770952607e+00
-1.462006821153404523e+00 2.123518215179189372e+00
-1.461459576415671702e+00 2.101058253089517880e+00
-1.460277288404026708e+00 2.094384833172573401e+00
-1.459672155901169166e+00 2.094465604309410978e+00
-1.458087003681502347e+00 2.091706999124290256e+00
-1.457923459049431658e+00 2.091357619419748737e+00
-1.458071810261208689e+00 2.097126923886275307e+00
-1.456685906002281872e+00 2.104924292767593741e+00
-1.455644207272527968e+00 2.094854661348074742e+00
-1.453554301094809098e+00 2.087220566135064015e+00
-1.453019874898349828e+00 2.092349753115976263e+00
-1.451112785175531661e+00 2.091888968552601646e+00
-1.449859753369471926e+00 2.084161990994416236e+00
-1.451311198376528333e+00 2.086604398129956461e+00
-1.450906984760806262e+00 2.095493238390121249e+00
-1.450726702324479866e+00 2.095839655687883329e+00
-1.450179398294159094e+00 2.106996542010578732e+00
-1.449612817577251134e+00 2.119610331727776575e+00
-1.449412530504573526e+00 2.125889078159906909e+00
-1.448650654028594165e+00 2.117335090044460966e+00
-1.447854073084270832e+00 2.118105776806469720e+00
-1.448204651758510542e+00 2.124177258140286462e+00
-1.450559293412007955e+00 2.127639720249445698e+00
-1.449544470302954968e+00 2.128689656584579648e+00
-1.449580007810644888e+00 2.127629412887806826e+00
-1.449907818728291886e+00 2.129611825072910136e+00
-1.448413995960116996e+00 2.116892305685376563e+00
-1.448186575746163385e+00 2.115017864399825420e+00
-1.448222580492549261e+00 2.114327273871684731e+00
-1.447674388732110407e+00 2.105581820402439241e+00
-1.446407971148353289e+00 2.114198975615448006e+00
-1.446272012352552094e+00 2.119047549510165052e+00
-1.444084994391237275e+00 2.119398586037401611e+00
-1.444589551179747522e+00 2.116967437197120550e+00
-1.443502901325367072e+00 2.119448050625577729e+00
-1.443911561251210340e+00 2.112425796229697283e+00
-1.440955492780062741e+00 2.112221392039578927e+00
-1.440353951474335759e+00 2.118477356416461621e+00
-1.438867733615079469e+00 2.113665582611811367e+00
-1.437271875379963371e+00 2.112986262985248498e+00
-1.435755454924883212e+00 2.100238249112386768e+00
-1.432890264282117299e+00 2.081268416476408145e+00
-1.432836241204461736e+00 2.078613269572163968e+00
-1.432514433650870389e+00 2.074553393893525666e+00
-1.432557397634393936e+00 2.047680248851787788e+00
-1.432358570352021188e+00 2.041343924888867623e+00
-1.429959569103032235e+00 2.038091551242307009e+00
-1.430155104981158720e+00 2.038834309412731027e+00
-1.428406619901592789e+00 2.051004998931098999e+00
-1.430858806749285339e+00 2.051575161715523343e+00
-1.430856975042654966e+00 2.051912654732670926e+00
-1.430728561005994770e+00 2.063254886480452743e+00
-1.431787758089349882e+00 2.076090201888631359e+00
-1.430288292538635764e+00 2.059585382145381782e+00
-1.430472953735431485e+00 2.065074729518634467e+00
-1.432552151841532284e+00 2.027676343853701990e+00
-1.431527757044392724e+00 2.026175798971797004e+00
-1.430475557725031432e+00 2.021975076137127569e+00
-1.430742052894967253e+00 2.023915870588541388e+00
-1.431095918523152211e+00 2.031361991241721121e+00
-1.431367188379190969e+00 2.031954612230992385e+00
-1.430584797882882730e+00 2.036185305532349776e+00
-1.428366277463295475e+00 2.033159154791491119e+00
-1.428388586570340735e+00 2.032641510200193569e+00
-1.427543829047153601e+00 2.030704584470257590e+00
-1.427287898620858808e+00 2.043875896889656207e+00
-1.426826818229056215e+00 2.038568166319634667e+00
-1.427385715446155778e+00 2.038596267552265306e+00
-1.427552223383945718e+00 2.053195193773703409e+00
-1.427085838177888366e+00 2.038619322968945546e+00
-1.427725460532619506e+00 2.046341509974125117e+00
-1.427386827995260843e+00 2.047515998705654372e+00
-1.426626451722861955e+00 2.048723850489881482e+00
-1.427482519565403951e+00 2.062845390343811758e+00
-1.426020317098888546e+00 2.072324239158243042e+00
-1.424482602935105868e+00 2.054116135607771287e+00
-1.424577487969909351e+00 2.054206611700714724e+00
-1.424459926585081249e+00 2.059610039297782080e+00
-1.424697235977563370e+00 2.082058221462992798e+00
-1.424371452202040755e+00 2.072483580857810370e+00
-1.423738112419232538e+00 2.070983800458940927e+00
-1.423322885690034623e+00 2.059530165358075759e+00
-1.428163777793656664e+00 2.042128914144041740e+00
-1.431845409355425369e+00 2.053463636001614301e+00
-1.430717302329638896e+00 2.044552424488835118e+00
-1.432186516069373861e+00 2.046691414372763695e+00
-1.429541774238387353e+00 2.054022698284418080e+00
-1.429113805696427653e+00 2.042485552937420401e+00
-1.429033565696097297e+00 2.045270346758427671e+00
-1.429611265020819921e+00 2.037518219056077662e+00
-1.429067620180380915e+00 2.020001080078248190e+00
-1.428706665926360087e+00 2.021886734722809553e+00
-1.427356746590979775e+00 2.025670122551764596e+00
-1.425993599371935483e+00 2.018500476177300218e+00
-1.424641323796136616e+00 2.017628859707232269e+00
-1.424410556011232121e+00 2.027622228328398446e+00
-1.423995809678388902e+00 2.037798998010323714e+00
-1.422489914715511006e+00 2.027487048314421170e+00
-1.421962050288847701e+00 2.025226127584570879e+00
-1.421420186477233560e+00 2.029833709017843990e+00
-1.420488271485335519e+00 2.058431444825699508e+00
-1.420312887451699702e+00 2.058829225928458850e+00
-1.420979500298480858e+00 2.079142954345474692e+00
-1.423012874046681642e+00 2.084937056559915902e+00
-1.423400093945304645e+00 2.083441850327949929e+00
-1.422868537133434641e+00 2.086796630926559537e+00
-1.424032699851923045e+00 2.071182468210570171e+00
-1.424185168896255682e+00 2.073966795319367673e+00
-1.423211787103913828e+00 2.065825218869232760e+00
-1.423616434911518569e+00 2.065813120540281211e+00
-1.423408168749816793e+00 2.066399900539046097e+00
-1.423471283704431878e+00 2.063855204501112706e+00
-1.423546082348191133e+00 2.075659526218601947e+00
-1.424270524318006048e+00 2.083605985020902551e+00
-1.424112215831099038e+00 2.085023300622755205e+00
-1.422322873654322528e+00 2.075428741702049162e+00
-1.421244896726544749e+00 2.076911654740996482e+00
-1.422038090144014388e+00 2.075214331796413347e+00
-1.422967629983093119e+00 2.056608445138940144e+00
-1.421573379069192011e+00 2.034459307228949854e+00
-1.428606452234981949e+00 2.028518264187201936e+00
-1.428198470019219846e+00 2.036075625252702803e+00
-1.426938670913822094e+00 2.029034581681303351e+00
-1.426195695325428447e+00 2.028048095240586601e+00
-1.425785717552891407e+00 2.028737932217214102e+00
-1.424123590605109735e+00 2.026271028158447063e+00
-1.424016200568123836e+00 2.025070617539824092e+00
-1.426398540116126101e+00 2.028998170780665689e+00
-1.425661508688370827e+00 2.025936645492609323e+00
-1.425792136323394743e+00 2.025347633962428340e+00
-1.425772995086925121e+00 2.024165420881353761e+00
-1.425710878586838648e+00 2.030764185199971816e+00
-1.425914671954733093e+00 2.036197265888057384e+00
-1.425092289236094878e+00 2.057255321395693226e+00
-1.425725761452671492e+00 2.055023192764722673e+00
-1.426463637853083499e+00 2.051262795636458858e+00
-1.425403627042966637e+00 2.039229325757087707e+00
-1.424282817556266068e+00 2.025967753263308690e+00
-1.423324572286670531e+00 2.041386133724794938e+00
-1.422704696207659048e+00 2.035746694310368365e+00
-1.421755922372047509e+00 2.031619443894192134e+00
-1.421996186763932357e+00 2.031948907644582469e+00
-1.421843637518112935e+00 2.043727994180051244e+00
-1.420795473969048706e+00 2.053376836266276761e+00
-1.420898672349367953e+00 2.056233136895604385e+00
-1.418574255476632962e+00 2.050604300854788953e+00
-1.418310953311826550e+00 2.050037281050983484e+00
-1.418406882545563796e+00 2.050314265728190311e+00
-1.418128106330343696e+00 2.045113814248660677e+00
-1.417402051023571863e+00 2.061667405969048517e+00
-1.417891448538946442e+00 2.054812775856320162e+00
-1.418526640549159445e+00 2.062729778949112358e+00
-1.417802140516674747e+00 2.070419719292446281e+00
-1.418977855185169945e+00 2.075858102512410319e+00
-1.418516208815639557e+00 2.076956130999877193e+00
-1.420488823991051808e+00 2.078046775521348977e+00
-1.418479617363808343e+00 2.064380440208621437e+00
-1.418733284166735720e+00 2.068669574841401460e+00
-1.418998129701224409e+00 2.066870301889800032e+00
-1.417894459579940536e+00 2.072228856321815194e+00
-1.419254709350244115e+00 2.063533753401529225e+00
-1.416217222724099001e+00 2.053698666698678732e+00
-1.415710601655815193e+00 2.047389830437043923e+00
-1.415187920262569676e+00 2.043494931762134481e+00
-1.415299979204267977e+00 2.038144508716979608e+00
-1.415266310314973852e+00 2.040568577643635084e+00
-1.416256519538908742e+00 2.014913163289572040e+00
-1.415945547707501584e+00 2.008345951434946652e+00
-1.414505140789368065e+00 2.009220455499495461e+00
-1.414031244384958752e+00 2.007843602497215940e+00
-1.413327431379786558e+00 2.009848205414680677e+00
-1.412744280075280301e+00 2.008649850169654361e+00
-1.412613550290975573e+00 2.007942413565624307e+00
-1.411760128634109268e+00 1.997384965046109295e+00
-1.411298759545803971e+00 1.996633930868159990e+00
-1.411093123215358736e+00 2.012326333003939816e+00
-1.411082566979826147e+00 2.022041383153956318e+00
-1.410961919917750773e+00 2.023425677781049092e+00
-1.410263406069836023e+00 2.014466977178871687e+00
-1.410661878101549860e+00 2.025573783001624939e+00
-1.409039489320591310e+00 2.037511595332233139e+00
-1.407941730516160339e+00 2.027862216246306470e+00
-1.406879744060983484e+00 2.029083350284725196e+00
-1.408373127913763900e+00 2.006252355330119030e+00
-1.407885390327112685e+00 2.004675532044812858e+00
-1.406720445345342796e+00 2.012414674198317321e+00
-1.406735405623985136e+00 2.016315271691147881e+00
-1.407798090190839346e+00 2.029024248690595389e+00
-1.408285411015649746e+00 2.025420153109435795e+00
-1.409335882905496495e+00 2.043075395836825514e+00
-1.405961831531389539e+00 2.045690301073076256e+00
-1.406115466081937715e+00 2.054476253390832063e+00
-1.404516140798405477e+00 2.057678958837982464e+00
-1.404443583450395217e+00 2.054805755444143234e+00
-1.405433711194317148e+00 2.048553937290312099e+00
-1.404312783232124717e+00 2.051730964536345514e+00
-1.401906355420261985e+00 2.028671291968622281e+00
-1.401882481981760131e+00 2.027611748864762475e+00
-1.402266411081929620e+00 2.043817362624714029e+00
-1.405093352613743685e+00 2.026253186477676049e+00
-1.403259944271007198e+00 2.027270053309196296e+00
-1.402650693658177961e+00 2.033603836364918926e+00
-1.402463379939346444e+00 2.042410380066592257e+00
-1.402959655261035943e+00 2.062465086386126689e+00
-1.401941730295210409e+00 2.065054843833168174e+00
-1.401464767526207078e+00 2.052245675568020733e+00
-1.401590662769667706e+00 2.051724237518484095e+00
-1.401786693438827447e+00 2.050351489829190577e+00
-1.400541303766221324e+00 2.045919347006827316e+00
-1.400766430549900132e+00 2.045923480723694343e+00
-1.397492678183344550e+00 2.056173223052458088e+00
-1.397361724807016481e+00 2.060308078638528162e+00
-1.396399062899204235e+00 2.069267673322261025e+00
-1.395937729374202352e+00 2.072442318278638673e+00
-1.396836248510872514e+00 2.072183231737172893e+00
-1.397722895778679364e+00 2.050406186634848638e+00
-1.398934762303292390e+00 2.050066296027273527e+00
-1.399074679436857815e+00 2.042154626472270973e+00
-1.399325884266982678e+00 2.051522777488918869e+00
-1.399179042140939799e+00 2.050828438012857191e+00
-1.400531426973227855e+00 2.054534685691246310e+00
-1.400415670088295483e+00 2.045749051985092049e+00
-1.401891646227172217e+00 2.052638451544427589e+00
-1.401925006971508125e+00 2.061205669267229368e+00
-1.402945013798880147e+00 2.059954768010197945e+00
-1.402463670223871084e+00 2.058876637953579447e+00
-1.403414396773202899e+00 2.063555855028348596e+00
-1.403216310079224538e+00 2.069152028608508775e+00
-1.402010264418392271e+00 2.070437664335042172e+00
-1.402962188702749247e+00 2.072500977660187704e+00
-1.402143599302639654e+00 2.073988093541839550e+00
-1.402875860588283397e+00 2.089509013260167247e+00
-1.404138569605559272e+00 2.089385605426899328e+00
-1.405644899072273413e+00 2.092237369183075568e+00
