-4.000000000000000000e+00 1.000000000000000000e+00
-3.656518528668317281e+00 2.002697141088685129e+00
-3.594985893876952332e+00 2.088344217154641580e+00
-3.543124342361965606e+00 2.138654681718541006e+00
-3.496531140107428381e+00 2.183856891204607020e+00
-3.440746765195848322e+00 2.231208977258623438e+00
-3.406049203279567283e+00 2.266429774828926824e+00
-3.355418432229692272e+00 2.293015899858489970e+00
-3.327891326126758198e+00 2.310650144047439625e+00
-3.298549850234715031e+00 2.332307700422282970e+00
-3.255365848311237098e+00 2.348537928485949333e+00
-3.220550074816658004e+00 2.366207101191359463e+00
-3.197769911979642110e+00 2.376027895750804309e+00
-3.145226792350670930e+00 2.391931877807557782e+00
-3.110610568462759407e+00 2.421506809057542231e+00
-3.070870201571174629e+00 2.442157123596425450e+00
-3.034730350815634026e+00 2.446215418380767836e+00
-2.998986366958594996e+00 2.452120541997270475e+00
-2.937064543503742797e+00 2.465367969231135881e+00
-2.906246821708634354e+00 2.473840415886852995e+00
-2.874280109919641113e+00 2.475684583456057020e+00
-2.842990201640143599e+00 2.487514607152500279e+00
-2.805542762621648478e+00 2.491491325349334929e+00
-2.755816088472898606e+00 2.497286335727445739e+00
-2.737079915374208028e+00 2.506389724623553139e+00
-2.703135791766665186e+00 2.508503499597404929e+00
-2.653113592412947863e+00 2.518499481965676079e+00
-2.604884464385977871e+00 2.514671436625778966e+00
-2.569435023435178156e+00 2.523415048263519367e+00
-2.546689703913922909e+00 2.521462249144190260e+00
-2.445716648539257410e+00 2.521237566291636867e+00
-2.432157664268691732e+00 2.522513830881711439e+00
-2.394868486677898645e+00 2.521206872077097483e+00
-2.365266695870951175e+00 2.517998809875749977e+00
-2.347975729311935655e+00 2.512880351800538481e+00
-2.299922322499787786e+00 2.499303468160477326e+00
-2.272380846088772444e+00 2.505290518342200290e+00
-2.215408004879711346e+00 2.487357853165507393e+00
-2.199185311503250695e+00 2.492799688590790819e+00
-2.177623943155533759e+00 2.494108660660080634e+00
-2.140463944657561512e+00 2.479841208922061391e+00
-2.119922313099036337e+00 2.452264817289512511e+00
-2.102825331557697464e+00 2.451146522858950405e+00
-2.048048662722937063e+00 2.436121680619791174e+00
-2.038205349998107430e+00 2.442212806178014173e+00
-2.002688593043018717e+00 2.430542851599334142e+00
-1.975967265361918912e+00 2.432028031674930091e+00
-1.933428019124975084e+00 2.418588026551868442e+00
-1.902541290631927451e+00 2.423171274726951818e+00
-1.884523500119192230e+00 2.423861027539182533e+00
-1.874272345725060518e+00 2.428393797657516728e+00
-1.840594614385010930e+00 2.406193241242392755e+00
-1.824848940395204844e+00 2.390816699643176335e+00
-1.830132991934539710e+00 2.393716817530105789e+00
-1.821849316658767037e+00 2.386944206718494055e+00
-1.807828760917710609e+00 2.389495135804942105e+00
-1.804819317908998633e+00 2.384782399746629533e+00
-1.755400103531908673e+00 2.339594703617119631e+00
-1.722123237519016525e+00 2.340590756773286873e+00
-1.710571605799771300e+00 2.340512807547550533e+00
-1.693425941468014839e+00 2.331076051818247397e+00
-1.685550646372188099e+00 2.327529968627324752e+00
-1.663337463019291418e+00 2.337208355662853787e+00
-1.657428248206166854e+00 2.339381869449665974e+00
-1.646305401923062295e+00 2.327586240241888316e+00
-1.633483089012578438e+00 2.331764775389921773e+00
-1.637251335870901103e+00 2.339080483320242543e+00
-1.637440800491845483e+00 2.321662019296572677e+00
-1.632321372102487178e+00 2.322500566502412767e+00
-1.624379468476450983e+00 2.313123421838567229e+00
-1.618691078508714076e+00 2.303997496242433218e+00
-1.619117873918111350e+00 2.288598703981486793e+00
-1.599357647384846759e+00 2.292412530478403987e+00
-1.596500616642984038e+00 2.285632902582631854e+00
-1.574739841618194802e+00 2.284562823607464654e+00
-1.568263214111944137e+00 2.308850987297078383e+00
-1.560870142027638074e+00 2.304654122737516353e+00
-1.565104806650390978e+00 2.300037715055351484e+00
-1.528870782014448926e+00 2.297298929985818638e+00
-1.521180962357387090e+00 2.314314102402120987e+00
-1.510083380577420309e+00 2.297946181890281991e+00
-1.507724422948623966e+00 2.295089646822948470e+00
-1.493157319553392703e+00 2.286286360117713912e+00
-1.470176266907384122e+00 2.271258305757013929e+00
-1.486570154073111105e+00 2.246521012659519645e+00
-1.488889963054026211e+00 2.239443058164251266e+00
-1.496615664977327675e+00 2.257669823673706500e+00
-1.486601913603877723e+00 2.257333067540863158e+00
-1.480798087035961830e+00 2.238711221661479733e+00
-1.489821679267071319e+00 2.237196038660299369e+00
-1.478874821250415472e+00 2.237934067146903239e+00
-1.468988611246822673e+00 2.240071925767320060e+00
-1.471001469254015648e+00 2.232588500178326107e+00
-1.462989728139979517e+00 2.227849075519078959e+00
-1.468535062394461521e+00 2.237194465702104562e+00
-1.463141873780261948e+00 2.250968636844868254e+00
-1.473981731135857176e+00 2.240838768383040858e+00
-1.464954158478358082e+00 2.234130891869301916e+00
-1.469838382796559761e+00 2.224347048688843920e+00
-1.468844909299469981e+00 2.233143378699855131e+00
-1.438017830203241143e+00 2.214648334569755850e+00
-1.450165939175837471e+00 2.213821273881001250e+00
-1.448193822120478202e+00 2.212159272595207504e+00
-1.451112369010776337e+00 2.211243050138613775e+00
-1.452616649505095836e+00 2.215612280808012535e+00
-1.448055549190345515e+00 2.219964824957172844e+00
-1.443766080204028635e+00 2.221924936338300682e+00
-1.457611716300897031e+00 2.223774891495623240e+00
-1.465782872325258168e+00 2.240559728308009202e+00
-1.473375595064474908e+00 2.236798270166355351e+00
-1.473724000747075769e+00 2.236048358726461238e+00
-1.471907573761747967e+00 2.238834717785679107e+00
-1.473210110200757317e+00 2.236818178375184374e+00
-1.471207885988934816e+00 2.232008341343633351e+00
-1.463276058809511726e+00 2.222800762338015268e+00
-1.463268756354738409e+00 2.236702650727129260e+00
-1.473086930930394889e+00 2.221379125623067274e+00
-1.463915984576739548e+00 2.205956558863435557e+00
-1.468806573739889432e+00 2.229022086386503787e+00
-1.459331426682468180e+00 2.219191341009141727e+00
-1.479591369531688461e+00 2.220206832382388473e+00
-1.457959624914908048e+00 2.235771878538702850e+00
-1.463420145374713099e+00 2.238953067525171647e+00
-1.453231141820781724e+00 2.238788575273127801e+00
-1.441140322770171123e+00 2.240580539484125833e+00
-1.442419065203578432e+00 2.232523672077451504e+00
-1.473014638870378201e+00 2.217122411259909942e+00
-1.472924342989538671e+00 2.219497667166340005e+00
-1.471849687956042096e+00 2.208943403369654224e+00
-1.465879371035554213e+00 2.196860060062194808e+00
-1.466281929332994283e+00 2.185451713098434556e+00
-1.495311371288109648e+00 2.222015346632460808e+00
-1.489192131236917627e+00 2.215135012547533755e+00
-1.493128639244091005e+00 2.216920222692580378e+00
-1.494128776464218156e+00 2.218181010218103655e+00
-1.491006616714637190e+00 2.203982777694907025e+00
-1.480665803119592505e+00 2.207483746849755679e+00
-1.468531294230234652e+00 2.209631754807328541e+00
-1.472129107502204937e+00 2.204976870776079512e+00
-1.474236174656609055e+00 2.202714680065628094e+00
-1.475364406000523543e+00 2.202008854834757390e+00
-1.465750568016384703e+00 2.195201231610736325e+00
-1.461808452309543371e+00 2.200427442757570073e+00
-1.461514294910079226e+00 2.191566758867773412e+00
-1.471422245201714718e+00 2.198253733714732761e+00
-1.473056957032051528e+00 2.175516378489049441e+00
-1.472725549220580632e+00 2.182711930492786223e+00
-1.466586768755780312e+00 2.180169571290391239e+00
-1.463961220460358037e+00 2.180255224596017616e+00
-1.458207430857104026e+00 2.177828929784485279e+00
-1.449239700113053031e+00 2.169215266174083556e+00
-1.439529676298596073e+00 2.184091341283918020e+00
-1.439863934548047952e+00 2.172080338409995814e+00
-1.429366330190948942e+00 2.176959266419389305e+00
-1.437683462811664814e+00 2.164576423917158543e+00
-1.444050132221137650e+00 2.170445833509323297e+00
-1.441003180411165374e+00 2.159539355921835657e+00
-1.452769782048417113e+00 2.152724888332044006e+00
-1.441122371592390428e+00 2.145362668367495118e+00
-1.437029673101889227e+00 2.160749630744140948e+00
-1.420443776966460403e+00 2.157108025910613236e+00
-1.409014908672308053e+00 2.155357526940667956e+00
-1.414871543425093581e+00 2.153118338857227254e+00
-1.425837596294875276e+00 2.136759313050059284e+00
-1.417343007511559616e+00 2.137530975895943541e+00
-1.418972001440580000e+00 2.138491557900156437e+00
-1.413693332140691705e+00 2.163464839116773675e+00
-1.397608200922671573e+00 2.151651543328523708e+00
-1.398289125777255171e+00 2.152274302789202398e+00
-1.414510725180326167e+00 2.141869485812066376e+00
-1.404493598646976427e+00 2.153244707756672760e+00
-1.397001229319803084e+00 2.160580809966662574e+00
-1.395598466070812282e+00 2.147765976647235231e+00
-1.396727606303735270e+00 2.145040911070030809e+00
-1.416910391732137509e+00 2.142906463584986376e+00
-1.419764071432716879e+00 2.140093463574280097e+00
-1.420789944122777815e+00 2.157454219734755263e+00
-1.415086597059148410e+00 2.149521309455702411e+00
-1.426053086429079464e+00 2.157130519951947267e+00
-1.423926337069086889e+00 2.152540818582940663e+00
-1.419982859422219468e+00 2.153202035121376312e+00
-1.430154199323486974e+00 2.148125109803373789e+00
-1.431106861233052419e+00 2.133160941549975931e+00
-1.439184027187110138e+00 2.138182004409973302e+00
-1.435722605445162392e+00 2.141858862025051824e+00
-1.432769100987976163e+00 2.139345124271757825e+00
-1.429612347757853730e+00 2.139652925644690562e+00
-1.440532029687659588e+00 2.149265732509495486e+00
-1.448100171656961477e+00 2.151144151410994354e+00
-1.442484346567748599e+00 2.145698156208244445e+00
-1.453617511538869200e+00 2.163003261856607295e+00
-1.452385949748369542e+00 2.160693055799028262e+00
-1.462407267455428261e+00 2.155900655116846476e+00
-1.476697771370645063e+00 2.153714168566080556e+00
-1.477653204689617583e+00 2.152252412536939108e+00
-1.468727564319567414e+00 2.151498513591639572e+00
-1.476620766393667905e+00 2.157999888601602301e+00
-1.466426762203662637e+00 2.158896840109458815e+00
-1.459037537709546584e+00 2.147137368808938795e+00
-1.447296259123558526e+00 2.163017279288460770e+00
-1.444567706956666919e+00 2.152828085205979125e+00
