-4.500000000000000000e+00 5.000000000000000000e-01
-4.497740324750967744e+00 4.199797929811224795e-01
-4.494968339715487815e+00 2.534275231695161112e-01
-4.490822025765327297e+00 -4.149865848471326890e-01
-4.490885661125807005e+00 -2.665070818787615980e-01
-4.491205387170491115e+00 2.478812405441130906e-01
-4.486943121064040696e+00 -4.452174830080701806e-01
-4.486989653506890718e+00 -3.310388427252480836e-01
-4.487155105575246772e+00 -1.783350872816569233e-02
-4.487357525007127812e+00 3.104034182372092943e-01
-4.483431838407723191e+00 -1.377046705561830175e-01
-4.484251864097504203e+00 7.780325974256976362e-01
-4.481432530882169196e+00 7.746451598969332775e-01
-4.478712953822830301e+00 7.708039166047944146e-01
-4.476218889439687487e+00 7.659131276870621008e-01
-4.473545626658149921e+00 7.614690274498053801e-01
-4.471038512142824217e+00 7.561588794651707968e-01
-4.468664224948891039e+00 7.500703465182396723e-01
-4.466276540881745305e+00 7.436165641408285509e-01
-4.463710548062091554e+00 7.371335278905326582e-01
-4.461320294050766577e+00 7.296746851874483797e-01
-4.459069838548976428e+00 7.210893387421670742e-01
-4.456844210483286162e+00 7.117445101876203051e-01
-4.454620692484740907e+00 7.010969344903295042e-01
-4.452508834628705614e+00 6.891624756037985078e-01
-4.450454860741894336e+00 6.759248555835397632e-01
-4.448338381956397747e+00 6.605924403661678213e-01
-4.446240812685759103e+00 6.432660112507120331e-01
-4.444185906511959772e+00 6.226715079018962928e-01
-4.442067429116907995e+00 5.975856300982224090e-01
-4.439940377284434803e+00 5.663321798385141381e-01
-4.437654485221450784e+00 5.241046574956833570e-01
-4.435214341027457152e+00 4.615406550797650498e-01
-4.432328346120979035e+00 3.469109122947983681e-01
-4.428333627359321234e+00 1.951017772402813266e-02
-4.427752813833534695e+00 -4.145670486466421917e-02
-4.428345669069685187e+00 5.103401677793071300e-01
-4.425735290646044540e+00 4.387076037081034108e-01
-4.422628684529384735e+00 2.985702372017633444e-01
-4.418015580046494861e+00 -1.947430979497329906e-01
-4.418711407516357603e+00 5.835380518960893159e-01
-4.416402750760280327e+00 5.473655979631264490e-01
-4.413944451718915474e+00 4.967310638098438313e-01
-4.411149356086572659e+00 4.148047026539439242e-01
-4.407648418991358064e+00 2.364575126845215314e-01
-4.402486114309748011e+00 -5.042791135910007494e-01
-4.402515193457207765e+00 -4.380488587070551221e-01
-4.402576009987778427e+00 -3.167432148355888710e-01
-4.402809480629906069e+00 3.264652114694382989e-02
-4.401809342157561034e+00 -1.696041171474202414e-01
-4.402655540059547512e+00 6.818926996647884931e-01
-4.400083846093895801e+00 6.681863067927462652e-01
-4.397611026049752958e+00 6.522674784320429131e-01
-4.395084386789523734e+00 6.336739438627992937e-01
-4.392712656288876971e+00 6.110521670541939621e-01
-4.390289383569277781e+00 5.832945121899464347e-01
-4.387795591224349145e+00 5.468136494268645009e-01
-4.385116092847267666e+00 4.962301822344208357e-01
-4.382135273278191967e+00 4.145516544641476009e-01
-4.378397131814883103e+00 2.366631647342179179e-01
-4.372834983918330032e+00 -5.044518648611654443e-01
-4.372866391463108293e+00 -4.375440234018928565e-01
-4.372931211537868457e+00 -3.171616331349650930e-01
-4.373180061609381220e+00 3.126723405152515012e-02
-4.372152749861399457e+00 -1.575422709995643877e-01
-4.373131849834051010e+00 7.294929613736047536e-01
-4.369883456526000742e+00 7.223169398262867524e-01
-4.366672177975461366e+00 7.142154181724290618e-01
-4.363683022626445585e+00 7.046419636608901582e-01
-4.360715970652968565e+00 6.938170788246540432e-01
-4.357805261347063919e+00 6.815864172798493659e-01
-4.354989192422051403e+00 6.675058274978501460e-01
-4.352232606623231526e+00 6.514611157651920559e-01
-4.349548095613556598e+00 6.325522055784793540e-01
-4.346791009474033629e+00 6.093611369486054974e-01
-4.344001816652578007e+00 5.805528888888078498e-01
-4.341172935789913367e+00 5.432629487412250491e-01
-4.338135529142599367e+00 4.902798287553360446e-01
-4.334762320950476422e+00 4.033531180420414364e-01
-4.330427370142294841e+00 2.046976539986572474e-01
-4.324336401238306316e+00 -6.517017296751247413e-01
-4.324344062772235375e+00 -6.331510802250307490e-01
-4.324353202711633593e+00 -6.115979564876570240e-01
-4.324364478090254593e+00 -5.858087131418493465e-01
-4.324379432504728449e+00 -5.530334039074779051e-01
-4.324400231439478937e+00 -5.098584080920776085e-01
-4.324433555889510394e+00 -4.458448635442271990e-01
-4.324500210808590595e+00 -3.328464502961245852e-01
-4.324733116391763055e+00 -2.873331651530097730e-02
-4.325264746847799380e+00 4.081918003266056805e-01
-4.320822299410666645e+00 2.158785396704829551e-01
-4.314516411876858193e+00 -6.051221653935754397e-01
-4.314528837366744085e+00 -5.776179385746200712e-01
-4.314545275013638381e+00 -5.428113757860310029e-01
-4.314568974293085724e+00 -4.956648657878705566e-01
-4.314608539805867338e+00 -4.232102839800657712e-01
-4.314696647336623947e+00 -2.843242399645430907e-01
-4.315095327296635475e+00 1.643831767405166677e-01
-4.309391686845471803e+00 -7.655670616888763380e-01
-4.309394500224049906e+00 -7.579562423757550960e-01
-4.309397522938557046e+00 -7.498127800803083831e-01
-4.309400805852363625e+00 -7.410709075702900384e-01
-4.309404343431970652e+00 -7.317342254250395195e-01
-4.309408134477912711e+00 -7.218446530984450327e-01
-4.309412257503311139e+00 -7.112081792853436335e-01
-4.309416801326427127e+00 -6.996473504263341914e-01
-4.309421882206326160e+00 -6.869341899251639738e-01
-4.309427605939869288e+00 -6.728398306460738887e-01
-4.309434258866163603e+00 -6.567567521636070715e-01
-4.309441735623726899e+00 -6.391496079418508280e-01
-4.309450747928337044e+00 -6.184738445222150993e-01
-4.309461764369572734e+00 -5.938384341411826473e-01
-4.309475828258888086e+00 -5.637991240967513695e-01
-4.309494974375204457e+00 -5.247335562419108701e-01
-4.309523887890433613e+00 -4.693117817507283518e-01
-4.309576006857027686e+00 -3.799055176416558655e-01
-4.309721295030105814e+00 -1.742726845769600741e-01
-4.310747124793367746e+00 6.702854493042493811e-01
-4.307520670341461688e+00 6.546811616261277722e-01
-4.304314681665005082e+00 6.365385830867245076e-01
-4.301201562050869676e+00 6.146756211627675270e-01
-4.298063203829678436e+00 5.877719037226634136e-01
-4.294790432389578250e+00 5.528384995039092864e-01
-4.291461451251165293e+00 5.045217358656621798e-01
-4.287812224919121284e+00 4.278130346770475656e-01
-4.283297448002614694e+00 2.695307541650044936e-01
-4.276658141469458663e+00 -3.310579430838772597e-01
-4.276931611718036486e+00 -1.300539725888877340e-02
-4.277149915076017272e+00 2.777422668186809163e-01
-4.270384564813022088e+00 -3.002854532137453902e-01
-4.270759300748363962e+00 9.761987918937969910e-02
-4.266658245358828871e+00 -6.661292366376112550e-01
-4.266665911054059457e+00 -6.495562500340013035e-01
-4.266674862359663756e+00 -6.306445997648947310e-01
-4.266685565779377853e+00 -6.085978822385689213e-01
-4.266699117967408306e+00 -5.816502941777162983e-01
-4.266716667299719212e+00 -5.481533216049964130e-01
-4.266741493041326549e+00 -5.033316187399081709e-01
-4.266782262929724290e+00 -4.355895999577300004e-01
-4.266866994987829287e+00 -3.130350992023003265e-01
-4.267197321131782850e+00 4.782858812906248813e-02
-4.265263655625717298e+00 -2.973114600365948101e-01
-4.265656362977165550e+00 1.118982195481053044e-01
-4.260972066427795468e+00 -7.228299071259364217e-01
-4.260976721461012140e+00 -7.121035815359237908e-01
-4.260981776103286656e+00 -7.005794477528639597e-01
-4.260987449523447879e+00 -6.878915512371512886e-01
-4.260993796811672674e+00 -6.738919476244161766e-01
-4.261001060006409880e+00 -6.581904257232615851e-01
-4.261009477702822679e+00 -6.403885786868701580e-01
-4.261019342651288788e+00 -6.200433810039166493e-01
-4.261031365354554623e+00 -5.960947354107322127e-01
-4.261046880949524329e+00 -5.661193785526125177e-01
-4.261067818116095474e+00 -5.275928685002616580e-01
-4.261099198658746978e+00 -4.737536429781594727e-01
-4.261156065081519451e+00 -3.859590021959452555e-01
-4.261305474336714028e+00 -1.936240861249070577e-01
-4.262308862126771736e+00 5.894051818942684928e-01
-4.258734597818071066e+00 5.546497668683246784e-01
-4.255070067462381367e+00 5.069467524733967112e-01
-4.251032144566288196e+00 4.315632910761121321e-01
-4.246124090331196754e+00 2.783561552012959739e-01
-4.238813565193109589e+00 -2.972660905730790670e-01
-4.239227744616032467e+00 1.077270630271183194e-01
-4.234337431990675249e+00 -7.110123128376418800e-01
-4.234342865747818152e+00 -6.993779876538168683e-01
-4.234348988782411283e+00 -6.864792884546807583e-01
-4.234355815533369594e+00 -6.723640670483134185e-01
-4.234363672255192945e+00 -6.564429125918650465e-01
-4.234372661844315822e+00 -6.386054840472283889e-01
-4.234383454208023423e+00 -6.176624824055637619e-01
-4.234396539705174156e+00 -5.931008598916346353e-01
-4.234413236469944941e+00 -5.629742786804448063e-01
-4.234436161313625213e+00 -5.235249690428087632e-01
-4.234470539863582239e+00 -4.684552131702940381e-01
-4.234534649909358350e+00 -3.762439096948306250e-01
-4.234712286875912390e+00 -1.663180102381804082e-01
-4.235979414328899573e+00 6.932719250191636817e-01
-4.231247290016231233e+00 6.831245018743132835e-01
-4.226816731904451174e+00 6.710449629932320192e-01
-4.222586739609985429e+00 6.562874052401407310e-01
-4.218539528832060626e+00 6.388830321390053246e-01
-4.214406366693081551e+00 6.181595273666156132e-01
-4.210333530494954069e+00 5.919954123025823467e-01
-4.206302833839711042e+00 5.588699888701725849e-01
-4.202036742510674827e+00 5.124287725676816008e-01
-4.197410087319278560e+00 4.403704519464672895e-01
-4.191879926887203567e+00 2.973188612717379553e-01
-4.184020655114808029e+00 -1.993643086846173529e-01
-4.185161562766753107e+00 5.575874972005487873e-01
-4.180703650830997375e+00 5.110702751284027512e-01
-4.175839212769843378e+00 4.386330196973373119e-01
-4.169959657035736456e+00 2.937175940275839614e-01
-4.161424224170111152e+00 -2.192771441871521065e-01
-4.162456024320599468e+00 4.663187730901671713e-01
-4.156863493522655162e+00 3.554660213360675280e-01
-4.149207985046261093e+00 4.310294199990821751e-02
-4.146903402911052083e+00 -2.632190009214121496e-01
-4.147633628158195584e+00 2.644894913943530712e-01
-4.138409940174210710e+00 -3.625662870932618853e-01
-4.138669665160820799e+00 -1.241978796143501373e-01
