0.000000000000000000e+00 5.000000000000000000e-01
-3.791957331788471386e-01 7.004472331525570805e-01
-7.594456523122034008e-01 9.643432768311672731e-01
-8.370016924482061027e-01 1.034416379555330501e+00
-8.782634444444580302e-01 1.076136212876234843e+00
-9.132064050772877861e-01 1.112301906734416201e+00
-9.421362736632725721e-01 1.144251574411332628e+00
-9.665458056354931937e-01 1.172671171604957596e+00
-9.945706532260307764e-01 1.209448693945806008e+00
-1.016773100419625653e+00 1.240903841917728068e+00
-1.037000210339444672e+00 1.271761006324833243e+00
-1.055226887383799994e+00 1.304651849599462565e+00
-1.078328361674426139e+00 1.333749135930457186e+00
-1.096627933524214837e+00 1.364459782293998336e+00
-1.109341517257639742e+00 1.389167778978575019e+00
-1.125762179078418024e+00 1.416032257757791735e+00
-1.138059817736634338e+00 1.433890886284907129e+00
-1.144112437191550757e+00 1.445590602078252518e+00
-1.152948911844564828e+00 1.458337637159466293e+00
-1.154542953191535437e+00 1.472976188698392086e+00
-1.159863196152488118e+00 1.485075848502897200e+00
-1.176701426292103392e+00 1.504085291060949903e+00
-1.182966323355059135e+00 1.520111847360110735e+00
-1.181354439837101200e+00 1.544498165001438217e+00
-1.194077342368584649e+00 1.561864141526519978e+00
-1.204328828918460381e+00 1.578543739072626906e+00
-1.206251064715768706e+00 1.587685769213604381e+00
-1.206783068814272664e+00 1.615443959257862216e+00
-1.209553485803172235e+00 1.622012141029419263e+00
-1.212914120166865617e+00 1.633494365965099560e+00
-1.218815259735472223e+00 1.643999243752764627e+00
-1.229476675474945102e+00 1.655014653343142683e+00
-1.227770382997136700e+00 1.661710106064916870e+00
-1.227257607672274986e+00 1.666824736426796516e+00
-1.232545766734121528e+00 1.685744401748809240e+00
-1.233390543944034912e+00 1.700441295784033802e+00
-1.235554442485719218e+00 1.710982881252292920e+00
-1.248220784419138418e+00 1.722518040973628484e+00
-1.246235681330786438e+00 1.730901545617649306e+00
-1.249739837001063947e+00 1.740345278516075123e+00
-1.255492252271687592e+00 1.755841448473197453e+00
-1.261215979902229556e+00 1.759908675827255964e+00
-1.253331456388706355e+00 1.763019882220767443e+00
-1.275967187745784548e+00 1.777397569525805521e+00
-1.283610893686007337e+00 1.781868596643623182e+00
-1.285972336545984529e+00 1.793048760798951369e+00
-1.268537765967241215e+00 1.793269201487627473e+00
-1.267935097137672162e+00 1.794004257600826824e+00
-1.270434029769169859e+00 1.814436824549285454e+00
-1.274259038996678584e+00 1.814652179429711243e+00
-1.279767801298953067e+00 1.816962644683516759e+00
-1.280459718898102617e+00 1.825231482656207715e+00
-1.273609946297846740e+00 1.843977758964980840e+00
-1.283648247228551753e+00 1.858020231503745734e+00
-1.277699654342730362e+00 1.865920067049155584e+00
-1.281321143582232036e+00 1.869229868530694949e+00
-1.292169479104590790e+00 1.869369061872759419e+00
-1.295071122256962637e+00 1.874828322756533661e+00
-1.296621707994404238e+00 1.879728703254416766e+00
-1.297643533715377773e+00 1.885459652668277419e+00
-1.295133637406497007e+00 1.883601693966930890e+00
-1.297724581835686619e+00 1.892046088561984307e+00
-1.286856948538310119e+00 1.904421308472144192e+00
-1.279949562037757005e+00 1.909945057869354201e+00
-1.285806292271789442e+00 1.909169507022734358e+00
-1.296141662990883514e+00 1.908895226693151148e+00
-1.294760926494801678e+00 1.907892838483805420e+00
-1.294851241692529298e+00 1.915764780181411053e+00
-1.287452660755670664e+00 1.927373941213708308e+00
-1.294539279006379218e+00 1.935991685563113629e+00
-1.306370311211904500e+00 1.944125860931003480e+00
-1.295618990001647930e+00 1.953306899589216883e+00
-1.298960162614558156e+00 1.951134877581559124e+00
-1.310217173785794165e+00 1.944040939317731365e+00
-1.315185130090658738e+00 1.940032911369412139e+00
-1.320334220566291128e+00 1.937558996863556038e+00
-1.318215228505158931e+00 1.935817469865056983e+00
-1.321514034143847605e+00 1.924034457022948397e+00
-1.327232283920127598e+00 1.929114197389679042e+00
-1.335907425355320477e+00 1.938012009769289001e+00
-1.329704075735361091e+00 1.948052764380511670e+00
-1.392764410855277246e+00 1.960045252183764131e+00
-1.390800512871942285e+00 1.970163644822394478e+00
-1.386422901387539763e+00 1.966156887377518370e+00
-1.386678249808996011e+00 1.974876580368599699e+00
-1.404385909618647954e+00 1.974147700689255380e+00
-1.403804508397010098e+00 1.977423664434668993e+00
-1.401607181221854903e+00 1.979692218353995337e+00
-1.398905100882229968e+00 1.990014012636744045e+00
-1.405282054772619693e+00 1.989456571632692850e+00
-1.391759145496439531e+00 1.990383288197919764e+00
-1.382330286686463294e+00 1.989504256975859198e+00
-1.390841897172153896e+00 1.999850033469326327e+00
-1.411724750911131476e+00 1.999314210930113189e+00
-1.402348996306199691e+00 1.996655367435301365e+00
-1.400917493167129324e+00 1.998307399543034713e+00
-1.411953722850680215e+00 1.993236616030479302e+00
-1.437715526522972631e+00 2.000790462471019548e+00
-1.433267252958622340e+00 1.997364786347848087e+00
-1.418924107873267726e+00 2.018113094742607583e+00
-1.422423045176099299e+00 2.009784175066560152e+00
-1.464506634758435011e+00 1.985188577865108162e+00
-1.455826616367607906e+00 1.968860324254903871e+00
-1.451950785314577663e+00 1.980052189764619053e+00
-1.424773930235825548e+00 1.972901254162575890e+00
-1.414193656317321190e+00 1.954230482092685461e+00
-1.411063659659548053e+00 1.953387937943411368e+00
-1.385991921633399793e+00 1.943596480083256584e+00
-1.373354112458023746e+00 1.943360568389374876e+00
-1.379179742900644490e+00 1.945053037934264539e+00
-1.378829452271026712e+00 1.936421682895133722e+00
-1.380286208316137131e+00 1.945425050227145958e+00
-1.399645957812636565e+00 1.961129442549382818e+00
-1.396790086389015029e+00 1.968373550562106056e+00
-1.402547701485094889e+00 1.978212324196214622e+00
-1.408940244683899001e+00 1.996175107508071811e+00
-1.406243817473729285e+00 1.994848336317479154e+00
-1.432407513100134810e+00 2.014981897826517265e+00
-1.421916965248923637e+00 2.010843894236044260e+00
-1.409878348883278898e+00 2.014819128270808335e+00
-1.399061700186870816e+00 2.026306745943379450e+00
-1.401767183656423610e+00 2.022001883445404324e+00
-1.408500227270589988e+00 2.031207790717048933e+00
-1.393127297688153687e+00 2.038320752696477722e+00
-1.399924660108096353e+00 2.033093675054757021e+00
-1.405568465703362913e+00 2.029957111153542382e+00
-1.406713968764891298e+00 2.028778650370726577e+00
-1.415426080315001833e+00 2.042488799081827011e+00
-1.419093048436951054e+00 2.037489806721126229e+00
-1.416036259647539097e+00 2.043609584915407673e+00
-1.406429256274584150e+00 2.044851657481050022e+00
-1.404414939344682312e+00 2.045361812882938946e+00
-1.404043032315539952e+00 2.045332609021584425e+00
-1.397050102515467795e+00 2.042665158790764934e+00
-1.414697830831578074e+00 2.037505650755492503e+00
-1.414228799398214775e+00 2.035974715575304295e+00
-1.415849516206010961e+00 2.032740031356265131e+00
-1.409023538059190450e+00 2.034152608781354843e+00
-1.404370467392610955e+00 2.034319753182077140e+00
-1.399615723469924911e+00 2.034805418777690278e+00
-1.402931728281503476e+00 2.039566074810328367e+00
-1.401024998930197940e+00 2.031437496103099871e+00
-1.421076019955940017e+00 2.030174307818728874e+00
-1.404469372239758762e+00 2.037033607564556092e+00
-1.414218356592644943e+00 2.038143026553305148e+00
-1.420195589705572692e+00 2.032267692118288060e+00
-1.416520600351339532e+00 2.036045921560496019e+00
-1.395767331121616994e+00 2.049049961877682069e+00
-1.394824233313949335e+00 2.045491270604373302e+00
-1.408986735094592158e+00 2.029077537020739008e+00
-1.393676281632283187e+00 2.032533819193656388e+00
-1.407785957975991931e+00 2.046600486283765452e+00
-1.403438743531771893e+00 2.044980720552000530e+00
-1.430781556850657221e+00 2.059188268722153214e+00
-1.431792496584549657e+00 2.066512346827201974e+00
-1.430130297008546103e+00 2.066637966154242445e+00
-1.432630560661388275e+00 2.058184942865987743e+00
-1.441980292675732800e+00 2.037549283297208191e+00
-1.466766490222358499e+00 2.038876848345019255e+00
-1.445738178348602299e+00 2.038070877310389051e+00
-1.445084473947097603e+00 2.049006818024157184e+00
-1.425056976553484844e+00 2.056480810561861716e+00
-1.426579389349058591e+00 2.061054766952216788e+00
-1.424665974421496673e+00 2.062141062351201537e+00
-1.432237330187385416e+00 2.060221077150642177e+00
-1.422032338993680201e+00 2.054737405831310593e+00
-1.436320099338743939e+00 2.063654030932670747e+00
-1.425406797951113802e+00 2.082772519748953943e+00
-1.422153499509858365e+00 2.095777271406717546e+00
-1.419704026955945109e+00 2.106174786313278258e+00
-1.411884255039864478e+00 2.114087516166119673e+00
-1.425633381367352959e+00 2.113060535212950342e+00
-1.426763404057875162e+00 2.122480042111630105e+00
-1.422455859528780397e+00 2.123733841659005250e+00
-1.418136608550833566e+00 2.074543306174256863e+00
-1.428255803437065818e+00 2.091290322750021247e+00
-1.429619494247944322e+00 2.104607734364897453e+00
-1.432206126768873489e+00 2.085314798169767059e+00
-1.436731982387344120e+00 2.088797327718126873e+00
-1.434014659954054860e+00 2.099521112057126881e+00
-1.430704448112953608e+00 2.104699871768888730e+00
-1.457438517788365973e+00 2.063485820428152984e+00
-1.459239663114042518e+00 2.062608709451873246e+00
-1.441844165158623570e+00 2.047097654677834111e+00
-1.465339407652140435e+00 2.042113003674602467e+00
-1.475111354382552253e+00 2.014549169385428939e+00
-1.468292195898545094e+00 2.018992451219506101e+00
-1.459645793643348011e+00 2.016577189417531724e+00
-1.479812590784107984e+00 2.010704148917445533e+00
-1.467616484566722557e+00 1.999267246521908126e+00
-1.483051338000138220e+00 2.005300533658561868e+00
-1.480596768714831368e+00 2.004101724789697503e+00
-1.478597179918659910e+00 2.007886813538285686e+00
-1.480391588671787551e+00 2.015564963222955974e+00
-1.470229926678526589e+00 2.015331396969676003e+00
-1.456400908998553234e+00 2.012213618264320658e+00
-1.441649513650251624e+00 2.016940012622642886e+00
-1.438440250783178165e+00 2.017988126767195745e+00
-1.430843277400117408e+00 2.040950986901545416e+00
-1.428838212044674982e+00 2.042528487167107887e+00
-1.429386630346372256e+00 2.046322548264625230e+00
-1.431685453675575648e+00 2.053339709711528460e+00
-1.422860347351911026e+00 2.047724006291472332e+00
-1.426835286929704960e+00 2.054527930774437738e+00
-1.437219036627892299e+00 2.062816030301315884e+00
-1.438420990370744335e+00 2.061459246935496203e+00
-1.433523448800694045e+00 2.055522025259361119e+00
-1.413857540945752334e+00 2.082576711533034697e+00
-1.402003405320162432e+00 2.076139408261589381e+00
-1.398865168691072025e+00 2.077500280551835665e+00
-1.405951737394532275e+00 2.071428012131868446e+00
-1.407858678493883131e+00 2.054398339482463420e+00
-1.412337302751236701e+00 2.055843320647110062e+00
-1.419943214860412750e+00 2.047334879423462706e+00
-1.422562496407646204e+00 2.033882763649113024e+00
-1.404135039409118546e+00 2.033101616887854401e+00
-1.391442306560306097e+00 2.030511109914997281e+00
-1.398928045254427932e+00 2.035064275844266746e+00
-1.378837390077629843e+00 2.041276303544394821e+00
-1.376884177021738820e+00 2.038734547428318944e+00
-1.366490374763563276e+00 2.044422381526498800e+00
-1.366251769849752939e+00 2.041477340024359322e+00
-1.390115572223459717e+00 2.019951297172104532e+00
-1.394762623709685290e+00 2.027799852002660330e+00
-1.402860073313776379e+00 2.019874507197057412e+00
-1.399409730650157391e+00 2.020261377733902464e+00
-1.401703002176044377e+00 2.028543260639394052e+00
-1.378496437803306884e+00 2.019878033559106445e+00
-1.380938545278992180e+00 2.023510311931462802e+00
-1.400846057378875020e+00 2.025919923809960110e+00
-1.393286237390763072e+00 2.034200105834491623e+00
-1.388016236677610982e+00 2.045607852515997305e+00
-1.374331425301808185e+00 2.044052415493907926e+00
-1.388832534293203080e+00 2.056530065314716271e+00
-1.387495433037530868e+00 2.047428613181780932e+00
-1.375233938966174740e+00 2.066764648738767196e+00
-1.370467777198577597e+00 2.070298693998436690e+00
-1.367248227324006749e+00 2.075737131214605569e+00
-1.352592042950240270e+00 2.068046570287656039e+00
-1.374799778740818823e+00 2.063312093077169340e+00
-1.380293779216434036e+00 2.059472893980180963e+00
-1.370863318265886699e+00 2.062832315973900155e+00
-1.367484915327723316e+00 2.069364100644528914e+00
-1.372466644011427483e+00 2.069844068345438437e+00
-1.370047308647607043e+00 2.068421395903274007e+00
-1.355375267174582010e+00 2.033299893289739479e+00
-1.349464480332636995e+00 2.030699589809517036e+00
-1.350592492768921016e+00 2.028208991136024597e+00
-1.348804939293352545e+00 2.025822123170568201e+00
-1.352492802256305637e+00 2.043414668111868338e+00
-1.356149272232291425e+00 2.050019170406249369e+00
-1.356992327597427606e+00 2.050251470067679271e+00
-1.353019619530372086e+00 2.049842794398540669e+00
-1.338166599402457191e+00 2.044293503087590835e+00
-1.370886135204103518e+00 2.020787937432611869e+00
-1.363149314520826216e+00 2.024023519921753334e+00
-1.377279192456200008e+00 2.001997630293619768e+00
-1.376407937114744406e+00 2.007206392044641685e+00
-1.386193471920139197e+00 2.003321629272815763e+00
-1.382434710698287716e+00 2.001946530140704450e+00
-1.380757715397269436e+00 2.003416433624951143e+00
-1.387720117930393959e+00 2.004508132692190081e+00
-1.386891308334587070e+00 2.004100006521877031e+00
-1.396136586485892339e+00 1.999090605181674141e+00
-1.400711112568318040e+00 2.014993472011685327e+00
-1.412293522099650644e+00 2.030204836800969748e+00
-1.408786922060998537e+00 2.040812790357732442e+00
-1.402349275617690072e+00 2.044766418432277799e+00
-1.402867261790611053e+00 2.057016137484431351e+00
-1.394933500069016619e+00 2.061211433452614372e+00
-1.404838100024626613e+00 2.075628209914124334e+00
-1.395909580245815240e+00 2.075180850836719770e+00
-1.409456975256439204e+00 2.093123089604690623e+00
-1.424421969788128184e+00 2.131991337332645564e+00
-1.429077793958998699e+00 2.113798524725289507e+00
-1.428834039498856123e+00 2.113073526009779268e+00
-1.426901552020309882e+00 2.122447967235256971e+00
-1.418375591403995939e+00 2.119812823181213002e+00
-1.397022693484199385e+00 2.110898060761737582e+00
-1.396868580623600309e+00 2.112816027570158628e+00
-1.383962632751322364e+00 2.112262062654311823e+00
-1.379343869646685761e+00 2.123155160254269980e+00
-1.382124288973659132e+00 2.110113389403697415e+00
-1.384608850619350129e+00 2.119699190275774914e+00
-1.390386079918533246e+00 2.134843707742763996e+00
-1.377644753969576863e+00 2.134668178007862682e+00
-1.383960602287214847e+00 2.136901982125628763e+00
-1.368543702933044726e+00 2.135874581346695944e+00
-1.375333662032553139e+00 2.108384730191913192e+00
-1.376423368558056914e+00 2.112785300617719741e+00
-1.371327803786501098e+00 2.114189793440418352e+00
-1.383946962818719095e+00 2.108476976973594486e+00
-1.379345057799323149e+00 2.108159567667335477e+00
-1.417134861328610551e+00 2.095932072621753406e+00
-1.404995993732650383e+00 2.092889528587374759e+00
-1.379528363783727229e+00 2.102751345860576659e+00
-1.371367022099105881e+00 2.092933407306708737e+00
-1.340891353254953566e+00 2.112319193395168604e+00
-1.338830618076834122e+00 2.113496751260971696e+00
-1.337810950553967482e+00 2.117615131414250840e+00
-1.338932776385371115e+00 2.111318559148160023e+00
-1.342915572104385502e+00 2.115549975175162967e+00
-1.348342952975652098e+00 2.132125843127465448e+00
-1.355481266698091769e+00 2.127722584531903216e+00
-1.368369515897583044e+00 2.109821873565477901e+00
-1.388505159309597836e+00 2.090926610158391874e+00
-1.407121628518150924e+00 2.107574220176319457e+00
-1.397820083500364241e+00 2.102267432767249478e+00
-1.396404310251688763e+00 2.099358036285178031e+00
-1.396499689449270720e+00 2.098122520701488636e+00
-1.389559449612640663e+00 2.087058783055852462e+00
-1.391642969368553695e+00 2.097236395678750309e+00
-1.393506257502795886e+00 2.093471498282524657e+00
-1.396331076500243684e+00 2.090753729022359675e+00
-1.391797265134054440e+00 2.084959690130935073e+00
-1.391327417245029840e+00 2.090761383479187163e+00
-1.400079255764880459e+00 2.106411617075039100e+00
-1.414158791372669421e+00 2.103199085995055562e+00
-1.415053835545041494e+00 2.110457984227100070e+00
-1.427471557696625482e+00 2.131861777671795632e+00
-1.420238649599562475e+00 2.113790662327979408e+00
-1.427929957399938221e+00 2.107867113545286664e+00
-1.428057834028015671e+00 2.107931890873033787e+00
-1.427275711728173357e+00 2.112841905859778713e+00
-1.434567687663116597e+00 2.113026259942635932e+00
-1.421726499674988986e+00 2.117040436893893318e+00
-1.426645868121419580e+00 2.109204844872373918e+00
-1.391416106197907565e+00 2.075109838394252115e+00
-1.384377816410836903e+00 2.075009545254013155e+00
-1.377299334468184755e+00 2.080501249156097465e+00
-1.372558520218438272e+00 2.075035140881995588e+00
-1.371386406150955306e+00 2.076746599916863278e+00
-1.372437913191565828e+00 2.079843733539405548e+00
-1.359767491068828882e+00 2.081654904303852138e+00
-1.351454050446338817e+00 2.083652963706713823e+00
-1.345875021959023643e+00 2.074351374872571707e+00
-1.377941521241745404e+00 2.058200079685531758e+00
-1.377556581041392558e+00 2.040868385856579259e+00
-1.389713062124680709e+00 2.019243106202833538e+00
-1.387100374714906881e+00 2.019471795136914771e+00
-1.377525476887260680e+00 2.027195742061888240e+00
-1.376942151348455212e+00 2.038298342418594977e+00
-1.375910856587625686e+00 2.047981186596452119e+00
-1.382648976988808842e+00 2.056553073292671119e+00
-1.369396092131968556e+00 2.058530298668300951e+00
-1.372694382915561340e+00 2.060001649889055209e+00
-1.358282153804394765e+00 2.061716836667742747e+00
-1.358109012091602619e+00 2.061151604215783362e+00
-1.369044691092029975e+00 2.073786392954467317e+00
-1.370486961774022960e+00 2.074740731854671338e+00
-1.360475930591032112e+00 2.078135149523629099e+00
-1.364949684567455579e+00 2.059685043814849070e+00
-1.362973755709451229e+00 2.084823943261623125e+00
-1.391951360859372322e+00 2.067116614647059869e+00
-1.395726956858582612e+00 2.074341384187721182e+00
-1.386927191093103584e+00 2.065552704027715514e+00
-1.390613112882225444e+00 2.059847582149560541e+00
-1.390006406106938597e+00 2.060086820129317431e+00
-1.392112796344872283e+00 2.074168917175658322e+00
-1.372973526049535931e+00 2.077953141981291996e+00
-1.373407742486883132e+00 2.067940079910424611e+00
-1.375156216322838354e+00 2.069773978371711731e+00
-1.376070129807400511e+00 2.070285363479935636e+00
-1.394596076298093124e+00 2.084213122523894235e+00
-1.399689483548442803e+00 2.083064714712064891e+00
-1.398232407558019030e+00 2.080671931680977416e+00
-1.386107644485482737e+00 2.089835922562468973e+00
-1.366575843177600280e+00 2.100212377682155740e+00
-1.380284757185408884e+00 2.091039016876168777e+00
-1.375173604940152394e+00 2.090237385008660631e+00
-1.383277787118170954e+00 2.082305985813419191e+00
-1.390420065650653569e+00 2.079197314927283546e+00
-1.393390694919527384e+00 2.082672643219279252e+00
-1.405217309013742533e+00 2.084143208593550511e+00
-1.423082080624526791e+00 2.074777590908708724e+00
-1.433850133825440354e+00 2.072432121967593854e+00
-1.457792969651062975e+00 2.075295051840897909e+00
-1.466871898915416805e+00 2.083595660402516980e+00
-1.468854346414931733e+00 2.070811938118230611e+00
-1.457070490289899878e+00 2.076711510672755612e+00
-1.450677054554170953e+00 2.096888546669262610e+00
-1.443355034481245136e+00 2.104605603485486309e+00
-1.433396089410295282e+00 2.098202364738771308e+00
-1.438664542889515952e+00 2.091292775714291619e+00
-1.471784787026273023e+00 2.071677835847204552e+00
-1.456512162857067638e+00 2.085549654782087536e+00
-1.445159615906899786e+00 2.073598340653139527e+00
-1.437979337347624620e+00 2.083944349128888263e+00
-1.437580001386537853e+00 2.080159351188745731e+00
-1.437262176630470734e+00 2.080341820686223642e+00
-1.429841206755817717e+00 2.078786178135821228e+00
-1.428384239747900297e+00 2.078693100998538323e+00
-1.436495521808069720e+00 2.103397215922586660e+00
-1.426421326386803301e+00 2.120930440758494573e+00
-1.404509505343859876e+00 2.122055013890538522e+00
-1.395998798296924415e+00 2.119997675324110098e+00
-1.442882327045909907e+00 2.122943500757582758e+00
-1.430838198448962206e+00 2.120892979487693619e+00
-1.426518578875461740e+00 2.132741154603467582e+00
-1.427055079010322247e+00 2.127583425654430371e+00
-1.428989312075864104e+00 2.123966778766957386e+00
-1.435582280539934530e+00 2.135692164016066208e+00
-1.433454800406848806e+00 2.145740178845862101e+00
-1.431742858626259718e+00 2.145345701773392122e+00
-1.418239582095293549e+00 2.135234801769617441e+00
-1.434478280377439186e+00 2.139012414385444760e+00
-1.431698465855658853e+00 2.123463856223421597e+00
-1.434035186618954683e+00 2.123513547024668657e+00
-1.435209614821572943e+00 2.126294818790928964e+00
-1.457676661646363003e+00 2.112229796621664324e+00
-1.461165542385765237e+00 2.117645118845258967e+00
-1.451081059391552852e+00 2.132148048546107955e+00
-1.430007932111984736e+00 2.122796312076106418e+00
-1.423625122786799091e+00 2.122177893025738005e+00
-1.463233334962051435e+00 2.113728423313345761e+00
-1.473118394394759889e+00 2.103246370049101976e+00
-1.462671172960332777e+00 2.103169427133320113e+00
-1.466296742804851894e+00 2.093942910536831903e+00
-1.486374794915797271e+00 2.110913405942797638e+00
-1.488556524249296853e+00 2.101903536048104204e+00
-1.489420159759040851e+00 2.124644467255193625e+00
-1.485846302139938846e+00 2.118236397352080136e+00
-1.484392420362535159e+00 2.128320768176048539e+00
-1.478170680454882202e+00 2.119388697739652550e+00
-1.482853070818589858e+00 2.121372730339466273e+00
-1.472896762454621644e+00 2.124245060996808654e+00
-1.471546397725621791e+00 2.140416972678378826e+00
-1.466788262694312950e+00 2.134903721601121074e+00
-1.468639552937234694e+00 2.135934174668554508e+00
-1.479544514718703407e+00 2.092011141863719281e+00
-1.486732517678374998e+00 2.120453903664425432e+00
-1.491243888953055707e+00 2.132266586772887162e+00
-1.468009182859521200e+00 2.129306396300592930e+00
-1.455346644925665789e+00 2.126145342672871141e+00
-1.452271145281224030e+00 2.121667578655630493e+00
-1.455012386485598830e+00 2.119948301832862647e+00
-1.455461371788487224e+00 2.118396917005062274e+00
-1.452167225416209240e+00 2.110907199417505709e+00
-1.445738409481773346e+00 2.106044992179247455e+00
-1.433142957820611407e+00 2.117893816293705544e+00
-1.426462376870788473e+00 2.146161286895375664e+00
-1.409468627149644826e+00 2.142377334829387525e+00
-1.407796328714607581e+00 2.124688881423232090e+00
-1.410328311761896769e+00 2.124852885449517892e+00
-1.407221623672200606e+00 2.135094348059317415e+00
-1.425673756352171084e+00 2.154144913097920000e+00
-1.439010697872690647e+00 2.109539163861024136e+00
-1.419609634488701255e+00 2.089273368891201077e+00
-1.410836022917516530e+00 2.091459564726786180e+00
-1.411290933795831926e+00 2.084059474517216515e+00
-1.408292023236761503e+00 2.084966655574261196e+00
-1.412855895474603329e+00 2.097411347188880448e+00
-1.409609259793699332e+00 2.096733735443974567e+00
-1.404846061412023506e+00 2.092561543465039975e+00
-1.419210915924583816e+00 2.109221440618438859e+00
-1.426165047950148423e+00 2.085041457816114274e+00
-1.422769755334826636e+00 2.052055413518279803e+00
-1.430810639526424177e+00 2.053314185941369274e+00
-1.446738874663578533e+00 2.045969759877412031e+00
-1.440291343648489875e+00 2.042903572860090833e+00
-1.428004646857606419e+00 2.043451490507484980e+00
-1.435143531295704822e+00 2.066541166699547460e+00
-1.441747480967007888e+00 2.068495053729943134e+00
-1.442633115635408414e+00 2.072306808567218717e+00
-1.445023762366385744e+00 2.073382414368019511e+00
-1.443824713754702893e+00 2.072371539429588072e+00
-1.425850827085824113e+00 2.050824768808486187e+00
-1.418561084818174667e+00 2.050600212841945158e+00
-1.425659291463112099e+00 2.058748118636855029e+00
-1.428788697094904636e+00 2.056918718383261790e+00
-1.415385927848145764e+00 2.059945653064105819e+00
-1.417535750918604176e+00 2.067398303669948589e+00
-1.426901134823750583e+00 2.059019309590652380e+00
-1.424513835604934053e+00 2.066887456522478850e+00
-1.405143750602810604e+00 2.055984014596186071e+00
-1.390543134428683381e+00 2.059502959024295254e+00
-1.386165791663182434e+00 2.051072544742813974e+00
-1.386091044767804759e+00 2.054438191016739079e+00
-1.377159129737185461e+00 2.035595926836195169e+00
-1.375379435224779900e+00 2.018104971893930344e+00
-1.368369523996160630e+00 2.030539512162446769e+00
-1.366652666924647042e+00 2.025168872007403920e+00
-1.363128185744814980e+00 2.019311363164240092e+00
-1.362407950625625030e+00 2.015021134619225496e+00
-1.362209752917380001e+00 2.017747386626068007e+00
-1.368394884550394375e+00 2.031835826954988100e+00
-1.385969152605115440e+00 2.040753694693454801e+00
-1.386408287007778961e+00 2.047438057045953830e+00
-1.374918013910494841e+00 2.045012470070107558e+00
-1.373809515943965609e+00 2.031830344136713595e+00
-1.383869619995025113e+00 2.054582376779384933e+00
-1.383890278551866970e+00 2.066310053364352584e+00
-1.385926324768926188e+00 2.071366801139863156e+00
-1.383260142362438216e+00 2.065267028527686399e+00
-1.380518647905427665e+00 2.066194880745563456e+00
-1.382649320421222905e+00 2.080364546411144655e+00
-1.375114674493535416e+00 2.073475727240791766e+00
-1.370862943707749748e+00 2.084006998147454937e+00
-1.367957782426322044e+00 2.082715050645059573e+00
-1.371429805890838738e+00 2.089895599379882007e+00
-1.370339080008420085e+00 2.085414191388199612e+00
