0.000000000000000000e+00 5.000000000000000000e-01
-6.853712337630691286e-03 5.035600729402862630e-01
-1.445378036677665012e-02 5.075336682857238824e-01
-2.288782810005011992e-02 5.119957923000275635e-01
-3.281320837682048103e-02 5.173352693348551856e-01
-4.382778900358802465e-02 5.232863491932374655e-01
-5.696943467584972276e-02 5.304942727922775658e-01
-7.385893502930539201e-02 5.399531148015414006e-01
-9.685905928782431729e-02 5.531951038272058252e-01
-1.302577058482122796e-01 5.730235218168010514e-01
-1.947371675182524853e-01 6.132024109158786818e-01
-3.954234634593789544e-01 7.473116132994853666e-01
-2.332159051258578586e+00 2.315214585667237479e+00
-2.303354923977834812e+00 2.332546227553081497e+00
-2.257286069752067803e+00 2.323181894508178136e+00
-2.225486109387797562e+00 2.330606226251916269e+00
-2.187091664313439043e+00 2.337226597824583418e+00
-2.162761444553328971e+00 2.339358675841026081e+00
-2.125240806653472259e+00 2.346020393143223526e+00
-2.081802509883351249e+00 2.348207941492015394e+00
-2.055636140070486118e+00 2.337285651304039646e+00
-1.996349107812762869e+00 2.334123215850247846e+00
-1.945422495663255313e+00 2.319632242259650035e+00
-1.925314509492332959e+00 2.319210993651318553e+00
-1.867527001557856892e+00 2.286836295499376615e+00
-1.859185623457908498e+00 2.297590464699724500e+00
-1.845819471355674590e+00 2.292528242163424768e+00
-1.829869296579852422e+00 2.294825214226143828e+00
-1.792158421724677764e+00 2.292833500144298764e+00
-1.758355046692582135e+00 2.284913391127033400e+00
-1.759958994549719602e+00 2.280220788025004275e+00
-1.744379952757184604e+00 2.268532383991601620e+00
-1.696788637452875559e+00 2.267745283029820147e+00
-1.694561826957325490e+00 2.264872144756630679e+00
-1.686402575892082867e+00 2.274367314568519927e+00
-1.674764959679095000e+00 2.257564074892568495e+00
-1.681877417771141081e+00 2.267574211727854117e+00
-1.674698197641448560e+00 2.288689735722967633e+00
-1.669003449296577513e+00 2.287778424502312280e+00
-1.646889536172962076e+00 2.290421475247790273e+00
-1.647268168749857375e+00 2.287313652874608749e+00
-1.616813436212303667e+00 2.288612334755329325e+00
-1.614032664147960316e+00 2.277165263227982628e+00
-1.616044127727370716e+00 2.271458249835728971e+00
-1.612327678951362975e+00 2.268457023065366229e+00
-1.605565855156871669e+00 2.267830384069872363e+00
-1.604311749039780244e+00 2.281621116572223773e+00
-1.614908429448349558e+00 2.264011622198492724e+00
-1.597244853162258726e+00 2.240156635410463171e+00
-1.585465648256962901e+00 2.246078286307532146e+00
-1.573920364376135916e+00 2.235148074143579855e+00
-1.559853354702345873e+00 2.223736918107914740e+00
-1.523132369039877254e+00 2.223388908638240569e+00
-1.532744094672984891e+00 2.230134195528982399e+00
-1.525102548549102988e+00 2.228605976351123896e+00
-1.521004812171466325e+00 2.217309722055317067e+00
-1.519077602562224572e+00 2.221817268027680203e+00
-1.503782907655198953e+00 2.226675414163083566e+00
-1.499113893322432611e+00 2.222818260672390966e+00
-1.501330339745066578e+00 2.232397967312666598e+00
-1.488756142296542961e+00 2.213321884674545270e+00
-1.490444113873929055e+00 2.216004159007840091e+00
-1.483147570329448106e+00 2.218560885975210617e+00
-1.483356887079224196e+00 2.224136962525311123e+00
-1.472925903323574426e+00 2.226421517345573697e+00
-1.481556675896473330e+00 2.229692333651411396e+00
-1.474118753828985273e+00 2.221329270300570702e+00
-1.473625776548846300e+00 2.217382818701291836e+00
-1.478559049209977827e+00 2.211398174900966129e+00
-1.482860864128319633e+00 2.206355754060324692e+00
-1.479142152235178642e+00 2.207566925950165793e+00
-1.466496970052536097e+00 2.215020350052377296e+00
-1.468557348286482656e+00 2.196367509395170448e+00
-1.475219963121337852e+00 2.194509423496673772e+00
-1.487424589724254398e+00 2.211160350471425229e+00
-1.470715854906042397e+00 2.199441781305621291e+00
-1.468426908942595421e+00 2.205134192826506911e+00
-1.473731937721540985e+00 2.209585310898387167e+00
-1.478527888849950234e+00 2.220481055140828719e+00
-1.456268646934001154e+00 2.215349033726270456e+00
-1.450845914678684956e+00 2.201837869172124762e+00
-1.446946633824438555e+00 2.203622044647471689e+00
-1.441084622309284136e+00 2.202300887903832827e+00
-1.432869641535260419e+00 2.200212798186878871e+00
-1.425085019396974850e+00 2.201773506290863214e+00
-1.465568329685369431e+00 2.200038718082689915e+00
-1.460137735279704030e+00 2.167515659385788940e+00
-1.449930239931536802e+00 2.167228476535463244e+00
-1.451186883454387289e+00 2.166825151806326399e+00
-1.439537787649241674e+00 2.168589603720751047e+00
-1.419339266675175848e+00 2.157828176453519209e+00
-1.441794930566502986e+00 2.149395789318373051e+00
-1.441484141885130521e+00 2.156355115156070035e+00
-1.436458970479736363e+00 2.144126867540974590e+00
-1.443143417823050445e+00 2.136755635730950509e+00
-1.440546932366985944e+00 2.134008714492721559e+00
-1.450674265477644331e+00 2.131622623928487226e+00
-1.441020516454191824e+00 2.120163789081869865e+00
-1.443326350330953023e+00 2.121966825298609471e+00
-1.429433372858208040e+00 2.114375635081138682e+00
-1.419605257920474095e+00 2.117176171256113015e+00
-1.424616315819194678e+00 2.112021663175458031e+00
-1.413507171572711663e+00 2.115253646826560363e+00
-1.422230109309805979e+00 2.133804872687074639e+00
-1.416764215283718986e+00 2.137887400444332453e+00
-1.407310667702285967e+00 2.131599399239707093e+00
-1.407412211250273826e+00 2.132118339209913671e+00
-1.398166371078236603e+00 2.134409930664966648e+00
-1.382579191804031327e+00 2.131362119396662980e+00
-1.395017775109282709e+00 2.135269029176641631e+00
-1.384411371737725105e+00 2.127236504121645222e+00
-1.393554409955430451e+00 2.121384671273395917e+00
-1.392964273768646066e+00 2.115996116247532477e+00
-1.395317707065816260e+00 2.110275360127864541e+00
-1.396647897285452800e+00 2.106675397849790521e+00
-1.393792652829359158e+00 2.102749770903608706e+00
-1.397662050282038049e+00 2.106751665351366043e+00
-1.401716668826306078e+00 2.110668515450543126e+00
-1.399813780798606855e+00 2.101241920144392594e+00
-1.392467042558167556e+00 2.102812502515452486e+00
-1.393256769461026057e+00 2.101192736930348026e+00
-1.400032899513314444e+00 2.109180440766056819e+00
-1.397570751518600662e+00 2.109712557136251831e+00
-1.404462075335892735e+00 2.111938541855753027e+00
-1.404881891671608596e+00 2.119835195908127634e+00
-1.423469542712974434e+00 2.123824412180615351e+00
-1.412731072200323679e+00 2.116842859817798406e+00
-1.413133134189936468e+00 2.114861121889471285e+00
-1.414161732846239250e+00 2.114951634958690097e+00
-1.415724104752818402e+00 2.101420743774700117e+00
-1.407545645528033740e+00 2.110834572091687455e+00
-1.405266893290689323e+00 2.100640781600839002e+00
-1.394392486530247055e+00 2.091404503055570352e+00
-1.399934581051640370e+00 2.092768524893164894e+00
-1.415429967966902014e+00 2.083487697798532601e+00
-1.410766934107632764e+00 2.066039663678902460e+00
-1.394892246665295543e+00 2.061856143917376816e+00
-1.394207090170037189e+00 2.069790781682361303e+00
-1.392194067640626587e+00 2.076888100113823299e+00
-1.399288717881952637e+00 2.065732640680908005e+00
-1.388408726626380485e+00 2.060207302265277818e+00
-1.405146134162544413e+00 2.046898324713585460e+00
-1.421532447490882145e+00 2.043418970096182896e+00
-1.424880852185447688e+00 2.049711014281035748e+00
-1.432017723626659578e+00 2.056975098533664781e+00
-1.416308887270986139e+00 2.048545190336328314e+00
-1.411893328547791038e+00 2.047685874043571275e+00
-1.394201527998372603e+00 2.052626135390320794e+00
-1.399525396456236193e+00 2.052644420722178342e+00
-1.391113493867038642e+00 2.051336189207182414e+00
-1.383046894510902236e+00 2.052975216693369909e+00
-1.376079202171029525e+00 2.054117174596430839e+00
-1.355649413465451536e+00 2.041864370779471916e+00
-1.359610940888842157e+00 2.037374950357527137e+00
-1.360834884442736703e+00 2.032657134335304150e+00
-1.359167722288576963e+00 2.018289996131761299e+00
-1.355402645386662996e+00 2.022250609589568260e+00
-1.369586591465331793e+00 2.021210127733499284e+00
-1.358197585718065703e+00 2.016273924512656635e+00
-1.363950812042499905e+00 2.015587139261246552e+00
-1.358972798982935659e+00 2.028365375170693152e+00
-1.344863674202926518e+00 2.021742070903983279e+00
-1.353859177036349948e+00 2.014445784715056309e+00
-1.356626710473087360e+00 2.014890007491396240e+00
-1.343309362958511111e+00 2.013373323300077455e+00
-1.346412342297087950e+00 2.020999446752099526e+00
-1.358593809191831925e+00 2.019465164398849044e+00
-1.347722610799624077e+00 2.022183155870580507e+00
-1.349519038467578147e+00 2.014151270897437396e+00
-1.356655760595507410e+00 2.010885529743069000e+00
-1.363267147798688184e+00 2.014537278728678160e+00
-1.362984868317524079e+00 2.018679535196800323e+00
-1.382140236900286645e+00 2.015385580683033862e+00
-1.390574274089114937e+00 2.005679226922935765e+00
-1.392294551899162292e+00 2.010018590079220679e+00
-1.394738940771578672e+00 2.007601825498424031e+00
-1.394118764879747285e+00 2.015757477013134569e+00
-1.387640312009270183e+00 2.020301592592580686e+00
-1.385224663281729551e+00 2.023081912296415208e+00
-1.387621794669690711e+00 2.027760618552725269e+00
-1.379922385880449687e+00 2.042470652287509125e+00
-1.377402099638390887e+00 2.046638836229237590e+00
-1.382913328227534766e+00 2.055647823969405597e+00
-1.390530756936424250e+00 2.059317049027863167e+00
-1.391017952442552996e+00 2.067425483865016123e+00
-1.383439404567730513e+00 2.068373132309725637e+00
-1.384378471152421186e+00 2.074215968585257031e+00
-1.374757747052069323e+00 2.064283743134999849e+00
-1.370129607706230823e+00 2.068282207482294410e+00
-1.369290476953012536e+00 2.053869974407017462e+00
-1.363915097404679422e+00 2.059255855311247885e+00
-1.363391202242782763e+00 2.059583508451908962e+00
-1.363263550937725332e+00 2.059472837539466639e+00
-1.356333519248953623e+00 2.055876613336644176e+00
-1.347904787245943758e+00 2.051568064229091881e+00
-1.356213027339355115e+00 2.052372562405869960e+00
-1.358651508808760289e+00 2.057278952674348904e+00
-1.356728547157520559e+00 2.055746168587329503e+00
-1.341690381529360820e+00 2.049374935842254608e+00
-1.341531237622420658e+00 2.037885491611267419e+00
-1.342652272189783558e+00 2.052896875554569789e+00
