5.050701295222114195e-01
5.013577543172377249e-01
5.002053338807770366e-01
4.999967196211850817e-01
5.016157867692702110e-01
5.021291555011206942e-01
5.023422306985853014e-01
5.029031226466872395e-01
5.008821866494076458e-01
4.996897987257477580e-01
5.049400911506225498e-01
5.001419102172366404e-01
5.013686659189912076e-01
5.050885193330820755e-01
5.003573964377757699e-01
5.011205093028449076e-01
5.014875212050036168e-01
5.007515935221612535e-01
4.993824680179022590e-01
5.018746844220902670e-01
5.047437909317749050e-01
5.042298221456560370e-01
5.029659072494242489e-01
5.031134169091319164e-01
4.976948100414139708e-01
5.058882785431644269e-01
4.995683854066953478e-01
5.018036275404414992e-01
5.049732530049423351e-01
5.008302737791995307e-01
5.037162534525647661e-01
5.035222103138107252e-01
5.048326260563249512e-01
5.002971598276787502e-01
5.026009217287773501e-01
5.029628578396135863e-01
5.038260856795317988e-01
5.015807758283672424e-01
5.003314648279494348e-01
5.013772770003013246e-01
5.035607215613325804e-01
5.022011228971895447e-01
5.026329867415765262e-01
5.029227008945943433e-01
5.025616360000325633e-01
5.028600347257179415e-01
5.017627766252414911e-01
5.021564927323328709e-01
5.042527206292721775e-01
5.018758125489776178e-01
5.018550996827075839e-01
5.023799301712544851e-01
5.033626587500044103e-01
5.034594377376245822e-01
5.025168595340843147e-01
5.042731695389592872e-01
5.034735470662990986e-01
5.051825349202797577e-01
5.050343455151210526e-01
5.106893174176880823e-01
5.160798371113242133e-01
5.388306039620985866e-01
6.493603173935968975e-01
7.978335620536201045e-01
8.224389203600992460e-01
8.415461902614677081e-01
8.551392602635446982e-01
8.622939661848136872e-01
8.648509749284263304e-01
8.755443583833957266e-01
8.736023734252115203e-01
8.771867827190098499e-01
8.841662832178635023e-01
8.855389445517478642e-01
8.864859077324601655e-01
8.883234290126702515e-01
8.936434330161741046e-01
8.946642749359240421e-01
8.971284558613946691e-01
8.990616653968842575e-01
8.993534507497545905e-01
9.028458993126016185e-01
9.025695414854109089e-01
9.006555844241368458e-01
9.052568062391836978e-01
9.071715568796467899e-01
9.092026252946244780e-01
9.070379752800622475e-01
9.113842650803587464e-01
9.098688163344479385e-01
9.109804719712982779e-01
9.143318377394562546e-01
9.140115022613790607e-01
9.204570800970237610e-01
9.220480705614945149e-01
9.188075698639805999e-01
9.202952775436366029e-01
9.238221675411458778e-01
9.188241875834614047e-01
9.209650115101308820e-01
9.216738706223797095e-01
9.230026757869890242e-01
9.196332574690386785e-01
9.248744914685486096e-01
9.211566687505179374e-01
9.258477363372135116e-01
9.278064450178621358e-01
9.289797746564283365e-01
9.277354280623993921e-01
9.318914554448933796e-01
9.297284146310667019e-01
9.315906078242419674e-01
9.320734283830518496e-01
9.353191979407982082e-01
9.336523964475463844e-01
9.381107905683796488e-01
9.358048593476678834e-01
9.380122619653336047e-01
9.384229976351728952e-01
9.369268282527776215e-01
9.402496879513144723e-01
9.403141762747921906e-01
9.409635333350380160e-01
9.422280780913512288e-01
9.415234459413897028e-01
9.419185407961463419e-01
9.426660224110030573e-01
9.431626985839398625e-01
9.422528193847307110e-01
9.455769799981531554e-01
9.454550405588009188e-01
9.426921292335050939e-01
9.444334120108827113e-01
9.425514815563926785e-01
9.431989797910169671e-01
9.457549356174773658e-01
9.460634698445347102e-01
9.449858002224809095e-01
9.438111189276822133e-01
9.482625048941427659e-01
9.481247555780475400e-01
9.479518829654222101e-01
9.481892467442398775e-01
9.484281338810729434e-01
9.481045270342465248e-01
9.470196100365810832e-01
9.472506028081283391e-01
9.476699634496409397e-01
9.474654229802259575e-01
9.519740949675473685e-01
9.480792668610547036e-01
9.457871582241704767e-01
9.482610811569467391e-01
9.488969881575726184e-01
9.490352594385443874e-01
9.507003538095383233e-01
9.453177781362455123e-01
9.475120409631929697e-01
9.489373420977667006e-01
9.462983030461241674e-01
9.483890291785517235e-01
9.479918854340453338e-01
9.469282600355811708e-01
9.495407622326599295e-01
9.489804559539696260e-01
9.454463057577775498e-01
9.490698336491727449e-01
9.481054781464737236e-01
9.489366013407638523e-01
9.501610659923486191e-01
9.510617025723386853e-01
9.499848086477789000e-01
9.520420732912452388e-01
9.493215909847028122e-01
9.486389247395674573e-01
9.472495950133787979e-01
9.493021782075351522e-01
9.506186747433387207e-01
9.526275576295052394e-01
9.520657040233496682e-01
9.509432114306937134e-01
9.504135166469721563e-01
9.530942970798256253e-01
9.490055389230226401e-01
9.524745631866792239e-01
9.509476995679185807e-01
9.508680075374759122e-01
9.515486186433836924e-01
9.517816376302205006e-01
9.518683914268311064e-01
9.493069908495197495e-01
9.506220261455218257e-01
9.496201144159168717e-01
9.505526321834123493e-01
9.508708838480887104e-01
9.518197467142140988e-01
9.538059751962931765e-01
9.520036947151324647e-01
9.484500685029214617e-01
9.535468766816858066e-01
9.488466777204310754e-01
9.521965613557857866e-01
9.509204601265317525e-01
9.529684192047763736e-01
9.504358877639081937e-01
9.475454983824842525e-01
9.506191622480693049e-01
9.512277644654305586e-01
9.500696268916060117e-01
9.505032836498193971e-01
9.477736697104253150e-01
9.518095259210144210e-01
9.509735712749260994e-01
9.503222281354728462e-01
9.502833185628904999e-01
9.503603015122461528e-01
9.519239338974647691e-01
9.524755885859502724e-01
9.506974185000214295e-01
9.491818679076862164e-01
9.539152015928886730e-01
9.536502200961701758e-01
9.504481105798827656e-01
9.521327893779329976e-01
9.507178117809377271e-01
9.504677257758261666e-01
9.517768652849960542e-01
9.499726788111200193e-01
9.526842447115515533e-01
9.526332157519448174e-01
9.506204959271012944e-01
9.508104223701637769e-01
9.521073877828557519e-01
9.496165189206031698e-01
9.479498087580159327e-01
9.518528314549807856e-01
9.500301661738768111e-01
9.537517705956066738e-01
9.518354344317109250e-01
9.497674478763946659e-01
9.513214816763883031e-01
9.481052997868147925e-01
9.488101543180498254e-01
9.525149076145517091e-01
9.514360803166834746e-01
9.511831020617507182e-01
9.533732439691556815e-01
9.530039815252896451e-01
9.520694194102022889e-01
9.487147043532501156e-01
9.518853031561853584e-01
9.522640678680204251e-01
9.542844603503051193e-01
9.516466171359091453e-01
9.513838376608820813e-01
9.521364448984661610e-01
9.516179248403878743e-01
9.492027762160633042e-01
9.547613715792641065e-01
9.508579880984655563e-01
9.516318254063717008e-01
9.493166824001459947e-01
9.532269057553349745e-01
9.501476547677339957e-01
9.489859350194091991e-01
9.483250423159172993e-01
9.522001753350249897e-01
9.529569252377482202e-01
9.500712393694419333e-01
9.522661243852045265e-01
9.544924648046827498e-01
9.534216267686796975e-01
9.514900078959367402e-01
9.507762735747085081e-01
9.558304497825371726e-01
9.547753580235395221e-01
9.497000448229065972e-01
9.501857533448203608e-01
9.498301618988512773e-01
9.514031357244360221e-01
9.525216431942148398e-01
9.525888811270005752e-01
9.532015591090594597e-01
9.534926236129223076e-01
9.493128398600347850e-01
9.480278936618616870e-01
9.504197690266088516e-01
9.510186756510490280e-01
9.481240533945625160e-01
9.500957339775351063e-01
9.530611869940086578e-01
9.501200868659870347e-01
9.496980721852863461e-01
9.526611369181836597e-01
9.519267722746030946e-01
9.514160317935236311e-01
9.502283661028971817e-01
9.518092599736549531e-01
9.515278240586994007e-01
9.519349574726507779e-01
9.497604288793142224e-01
9.511616644058739078e-01
9.514268387428970186e-01
9.473460503827603185e-01
9.520823247689360613e-01
9.487867434032162262e-01
9.508047592351446253e-01
9.516009092952711912e-01
9.494934592949813013e-01
9.503444801429814515e-01
9.501848992902266478e-01
9.545657441459269865e-01
9.522533743826686603e-01
9.544839550760306768e-01
9.510296477164649209e-01
9.532156080887927985e-01
9.493093204451876765e-01
9.508262210576715612e-01
9.509278365929375587e-01
9.513553628614305202e-01
9.526055092221125120e-01
9.529477426230882342e-01
9.523362794807788134e-01
9.538978388577633583e-01
9.509306168232729561e-01
9.500839664736768775e-01
9.509879732267291219e-01
9.554249557874577858e-01
9.538543734811024688e-01
9.462222983316003200e-01
9.521186610094382052e-01
9.541135085254227599e-01
9.517504524910517238e-01
9.502375846320089137e-01
9.516844851352554979e-01
9.535139881434251397e-01
9.508483351978620490e-01
9.511814940316110079e-01
9.501852417129202921e-01
9.499539539912187358e-01
9.510203558631192822e-01
9.512960051530687799e-01
9.532186178666669507e-01
9.496341944149879755e-01
9.517813284370461036e-01
9.495880663643189168e-01
9.507052550699219839e-01
9.514504768360968479e-01
9.525888287027453050e-01
9.488081719781218393e-01
9.518606387659140911e-01
9.523815536201807319e-01
9.507789806289168588e-01
9.514920863695093267e-01
9.466543378977618772e-01
9.492557699721565490e-01
9.490499098653969456e-01
9.513582113811740459e-01
9.513604676074710609e-01
9.510244283900677331e-01
9.531142435935407997e-01
9.505910861176307680e-01
9.500717529766066205e-01
9.514134748430580490e-01
9.497419878589236086e-01
9.514641654509161661e-01
9.529300656395055524e-01
9.493726740609780279e-01
9.510797653022283749e-01
9.508740869361225201e-01
9.505043443078213805e-01
9.530783562452770363e-01
9.537061322752914405e-01
9.525264185420407870e-01
9.478566591551085274e-01
9.538292100163276999e-01
9.519430496075828030e-01
9.524240010347855279e-01
9.484140890735781593e-01
9.511741078837099295e-01
9.538323073191126156e-01
9.457522286762699570e-01
9.521165412763551439e-01
9.496310632299984622e-01
9.512619563512479948e-01
9.503014192702341489e-01
9.536456314422516733e-01
9.521469451604102074e-01
9.535423269999518947e-01
9.511671099415388575e-01
9.490000014085108182e-01
9.527726612454114896e-01
9.512231673296440704e-01
9.504012409435852460e-01
9.496315163042859941e-01
9.532307778067716786e-01
9.505586872166971180e-01
9.508302778599844185e-01
9.510980601263117062e-01
9.494176639297787768e-01
9.507167762429153957e-01
9.521442301379668960e-01
9.539881292008718372e-01
9.512018840482856508e-01
9.539774350464659269e-01
9.484879342688560255e-01
9.516847971744950563e-01
9.508971975565352341e-01
9.492902321336457172e-01
9.509868686135642957e-01
9.538515280592485546e-01
9.503338511790896392e-01
9.489799876475355500e-01
9.498200275226028610e-01
9.519954231677206780e-01
9.517887939341111991e-01
9.507822829147004606e-01
9.508308991756976303e-01
9.529196442453191640e-01
9.523596815674021387e-01
9.539222630458373819e-01
9.485786616823359552e-01
9.531791008909638041e-01
9.543408263015409343e-01
9.500812752540587214e-01
9.499025546769386263e-01
9.494387738779707098e-01
9.485605118977977757e-01
9.514411412286988279e-01
9.514101623662643004e-01
9.505394238982433075e-01
9.545270249247087557e-01
9.512965213944821752e-01
9.504927022083675681e-01
9.502873319105735739e-01
9.538391758982038837e-01
9.510841324305046030e-01
9.478842095777150201e-01
9.504577417467876543e-01
9.525883046432908063e-01
9.513535545047321351e-01
9.524965720922909940e-01
9.535759508162829912e-01
9.502423710743010954e-01
9.482117479028870921e-01
9.539510065008516282e-01
9.499441597660361891e-01
9.504782849358067720e-01
9.499675007666247284e-01
9.522958477182259518e-01
9.498357731558504380e-01
9.491648685772510197e-01
9.514920523115806272e-01
9.501956083962852517e-01
9.508421237920082758e-01
9.515914203782632752e-01
9.503396616283180665e-01
9.524900562406933835e-01
9.513840385441164615e-01
9.496925991357644259e-01
9.506911488857333614e-01
9.540965556356815203e-01
9.541977762210982483e-01
9.518269675261517015e-01
9.516385730083221084e-01
9.512775386683933743e-01
9.523472244107502593e-01
9.492268477753217359e-01
9.512437375599919198e-01
9.500678515821301406e-01
9.484185983590718294e-01
9.488348855137451743e-01
9.510386736167444344e-01
9.463048224077709181e-01
9.509542360087199775e-01
9.515325302283776931e-01
9.534708466155019657e-01
9.536851795220516737e-01
9.548282800561956885e-01
9.502888296951955693e-01
9.489631211036736458e-01
9.502591227528702778e-01
9.494663952313755484e-01
9.512183947862196121e-01
9.489419222610591120e-01
9.505597277783799370e-01
9.513086924771073649e-01
9.537597223572242822e-01
9.511131821889677873e-01
9.531538293105276116e-01
9.504785539629716506e-01
9.483615322090306332e-01
9.522397333863260593e-01
9.488131963921685452e-01
9.501140436192678784e-01
9.520595413398867946e-01
9.498921440684860995e-01
9.485174193940284493e-01
9.516664501596820980e-01
9.500631957176084441e-01
9.496705088315137155e-01
9.479028245223515281e-01
9.515374538313877695e-01
9.551491402182444856e-01
9.526495359531738094e-01
9.503741784531651859e-01
9.511244900828760285e-01
9.497065507727362466e-01
9.508102300896120740e-01
9.505957547633894222e-01
9.493060331759006765e-01
9.502037782229261209e-01
9.521959718811742190e-01
9.512649993771535861e-01
9.487802984935329587e-01
9.473246744981869139e-01
9.512158583908042475e-01
9.504898136653628926e-01
