5.012809264752461358e-01
5.887092579795845104e-01
6.843566453135758731e-01
7.322828798133541595e-01
7.702889116782153378e-01
7.925392234824039095e-01
8.065262844002337728e-01
8.227326147374407483e-01
8.317077581323985003e-01
8.348405818565033387e-01
8.417629534939881086e-01
8.443650036601395570e-01
8.522195337476660137e-01
8.511875314910463119e-01
8.545020686243133268e-01
8.593825757366888585e-01
8.613578283795239043e-01
8.668846035122078630e-01
8.680968471103230888e-01
8.685057362042287732e-01
8.723510546682576861e-01
8.727315461309160805e-01
8.730600688863719983e-01
8.762517759921800709e-01
8.822838026890327257e-01
8.794671902111598216e-01
8.798297611850696143e-01
8.780133290843797900e-01
8.841446622484246953e-01
8.850137551814964976e-01
8.839003301959225123e-01
8.849501105343732243e-01
8.856087523378715076e-01
8.890084045729803597e-01
8.869212531573724689e-01
8.883735095815954441e-01
8.896709026038379653e-01
8.916477527091557498e-01
8.941278097705435135e-01
8.863844418636039890e-01
8.921127431384214823e-01
8.910516250542562799e-01
8.932257608699551987e-01
8.923993620102486091e-01
8.943722001177768499e-01
8.985126855767823217e-01
8.957308383434999799e-01
8.964358505458521753e-01
8.953371764293930335e-01
8.925111304032973258e-01
8.960995020268255340e-01
9.006128499065613191e-01
8.983294514904444084e-01
8.975336810736387338e-01
8.995545679339749245e-01
8.996893110410041361e-01
9.013601584533307287e-01
8.997796226212325665e-01
8.989572035483089918e-01
9.026614548109602731e-01
9.023836570217572683e-01
9.045092885146416295e-01
9.040078278597102335e-01
9.009991482508074023e-01
9.069912860977343838e-01
9.059601172936265767e-01
9.032081555975757237e-01
9.043295830213053943e-01
9.060129480838359228e-01
9.045331325287283564e-01
9.048185663980632398e-01
9.081673987389423663e-01
9.052878515805976578e-01
9.062846075111632427e-01
9.057510592419908413e-01
9.091432512183326153e-01
9.081137301962463049e-01
9.078464943835384826e-01
9.035179303376255078e-01
9.066973810709656467e-01
9.080623721542848692e-01
9.078821195073444317e-01
9.091906849741316909e-01
9.087617558361485992e-01
9.109241320330260239e-01
9.069699669638406903e-01
9.080247444805963353e-01
9.074275280446736369e-01
9.118713157706923589e-01
9.089572840893459515e-01
9.153514704553424863e-01
9.098126690958752150e-01
9.139209210489572799e-01
9.122672669572803317e-01
9.128211844477387427e-01
9.100220281543708323e-01
9.125065440510432557e-01
9.112676915585310455e-01
9.065185613021325972e-01
9.087096639871613535e-01
9.127068473280068872e-01
9.109414278085572469e-01
9.095009083450380505e-01
9.084711380107298728e-01
9.138199609238617516e-01
9.069134975110755281e-01
9.129828366531610451e-01
9.099614511962891283e-01
9.114765127963327940e-01
9.115793203738848938e-01
9.114116834666523559e-01
9.123259838907294972e-01
9.133738292804400860e-01
9.131439733524766567e-01
9.136839850936095964e-01
9.151945707441507816e-01
9.159882195801619664e-01
9.144047548326565966e-01
9.141766905540691379e-01
9.121784635883617431e-01
9.156123881034285983e-01
9.175455622598699401e-01
9.182058587300827579e-01
9.164787201171575859e-01
9.156847569129272779e-01
9.161510526433578327e-01
9.128164882525768853e-01
9.161424255904785374e-01
9.155905671609004814e-01
9.138929793792130996e-01
9.161700947346733681e-01
9.174998292199972871e-01
9.149492712097315739e-01
9.161381062015702126e-01
9.139554339779917269e-01
9.140708657401450665e-01
9.146448049752667897e-01
9.152041610765667690e-01
9.208826157853902128e-01
9.166534154524753619e-01
9.197207318154895228e-01
9.168674107176352228e-01
9.194382922557128301e-01
9.177657705264662402e-01
9.211302804559178270e-01
9.208737520670648991e-01
9.156841092564765860e-01
9.169281367626268553e-01
9.173477824635558608e-01
9.165745771663238450e-01
9.134765014043694231e-01
9.163355613315641301e-01
9.124864669419232577e-01
9.218734329329315580e-01
9.171678487504648647e-01
9.175413101092096957e-01
9.154178182041939893e-01
9.204139502479807833e-01
9.203541882016977871e-01
9.190470920145915601e-01
9.159821242029247967e-01
9.177801467214361519e-01
9.208752607730368300e-01
9.203603003219157364e-01
9.157005193734064630e-01
9.157911196555991173e-01
9.187141736209839538e-01
9.244324691510094061e-01
9.174245179717459564e-01
9.182387004531316066e-01
9.193470298469054169e-01
9.178193380118596645e-01
9.206759311861525408e-01
9.199554743741847895e-01
9.168663798942483512e-01
9.193211010343815826e-01
9.213533990419867648e-01
9.196607537095951024e-01
9.202874409922540133e-01
9.224092585607962524e-01
9.164070301937492502e-01
9.188422983751043382e-01
9.205039308688989230e-01
9.197021931033432240e-01
9.216414678973262609e-01
9.215102336163392138e-01
9.219795887273567470e-01
9.203758196755086329e-01
9.194539540740612749e-01
9.222118637954077602e-01
9.156520027969745623e-01
9.202313086027880118e-01
9.217930833371552612e-01
9.209904068478140804e-01
9.234069780107460046e-01
9.214849922113189651e-01
9.215370198726730022e-01
9.195046576808614258e-01
9.218958162851906835e-01
9.249481952223234105e-01
9.240746078936237229e-01
9.213500453129652712e-01
9.216143924968073220e-01
9.235801756145508579e-01
9.218485868395933647e-01
9.215655059477910749e-01
9.211583138442405172e-01
9.242686998631656214e-01
9.234180983318365232e-01
9.215841573372970386e-01
9.228753075407232220e-01
9.217226463765979538e-01
9.209299011539781032e-01
9.217928955129547353e-01
9.218658906579505485e-01
9.214388642059513357e-01
9.262461720417805022e-01
9.218623422840422910e-01
9.245440893075963507e-01
9.207130633948323872e-01
9.236106428552837144e-01
9.228770020577702349e-01
9.235301422448999320e-01
9.268458151622754881e-01
9.246858362959090583e-01
9.235864880448981795e-01
9.246810310184295778e-01
9.223298352692324009e-01
9.284054289257451797e-01
9.244694714895995702e-01
9.261270345301266804e-01
9.231940520205552669e-01
9.245026326981453657e-01
9.226246300286405910e-01
9.217025982874569312e-01
9.261205463966274420e-01
9.249911128756822531e-01
9.209946239654618338e-01
9.232262871329356413e-01
9.258730573932840713e-01
9.228094035678632290e-01
9.264370510308668205e-01
9.228095161686975523e-01
9.248026701911205016e-01
9.219239233529282762e-01
9.254535517806329326e-01
9.244701609911891715e-01
9.255572403789650293e-01
9.267258854565708637e-01
9.245395079168492458e-01
9.269020626782495942e-01
9.224049108985664658e-01
9.248156494271388972e-01
9.240484830832840224e-01
9.261805855114148001e-01
9.239635263989326441e-01
9.243884649668674403e-01
9.243588839255684197e-01
9.241872613661209490e-01
9.263540923025588292e-01
9.263774661295470780e-01
9.301197094351130179e-01
9.239211681245717012e-01
9.251162725733181880e-01
9.237924599971414352e-01
9.257896963471028418e-01
9.230337372022359155e-01
9.294918605327607830e-01
9.236306733445303063e-01
9.254679859158053690e-01
9.247420337785798861e-01
9.272749786325749088e-01
9.272746241911227205e-01
9.246387358706324999e-01
9.263784972173679799e-01
9.238377782954310113e-01
9.274871048365169734e-01
9.254432017852621817e-01
9.255896288290090812e-01
9.255055716321634041e-01
9.263077951073847016e-01
9.225314367735311105e-01
9.266279474270615601e-01
9.245664410199393446e-01
9.261870858674446927e-01
9.298729800340910234e-01
9.293490924213622106e-01
9.240217181098043797e-01
9.250560171977322277e-01
9.301122635766346791e-01
9.272206175797629291e-01
9.241663932290575811e-01
9.294353416926210976e-01
9.261995019939170959e-01
9.284461103367644963e-01
9.246106159416480619e-01
9.281609319256236557e-01
9.248109967858381131e-01
9.306488632857945476e-01
9.286753931035723886e-01
9.286312476919931225e-01
9.255243023858908957e-01
9.289164580612232491e-01
9.284227318818735197e-01
9.296598407146123844e-01
9.270485201411371445e-01
9.282752238956609725e-01
9.237230689234469105e-01
9.278453844808333129e-01
9.259247508367461910e-01
9.264885468624673992e-01
9.256415125329252591e-01
9.300442651444980058e-01
9.277423517907160688e-01
9.264816345171821288e-01
9.274533775581580430e-01
9.295839630164113299e-01
9.281931463970322094e-01
9.253408160929306181e-01
9.301033165420098392e-01
9.263292017029111092e-01
9.287949167969039577e-01
9.280798842019750694e-01
9.259144078541655665e-01
9.273300698591874225e-01
9.260937019180075502e-01
9.309942690889907446e-01
9.305531242306842588e-01
9.274150245007893867e-01
9.259981967219264032e-01
9.274214107965872422e-01
9.261835219118224050e-01
9.273329601859005011e-01
9.286146292584899209e-01
9.263088246834014772e-01
9.270420144296600551e-01
9.262930367159533107e-01
9.267744428592963324e-01
9.285595317598114296e-01
9.292096435897582163e-01
9.258551851843478397e-01
9.283657265731173336e-01
9.309976616981031627e-01
9.292969723447047636e-01
9.272373526932449206e-01
9.299928289895682543e-01
9.298514435621088037e-01
9.296352400390740511e-01
9.309809225713946423e-01
9.284902629289681908e-01
9.261572131732660473e-01
9.297298902198919412e-01
9.285803015763350876e-01
9.272398818178982927e-01
9.301870162773333561e-01
9.282171078583844048e-01
9.281177373328649560e-01
9.267706268753936882e-01
9.278891019222738068e-01
9.284478989259601356e-01
9.275368405269389660e-01
9.272562608062071554e-01
9.262303176816967243e-01
9.281135942687287477e-01
9.279143006551993089e-01
9.301348806396696478e-01
9.304599614492330417e-01
9.284450246149832386e-01
9.297988534395590365e-01
9.321429535734656602e-01
9.295047578554306300e-01
9.294188827840582645e-01
9.310182995835551978e-01
9.330593295316718105e-01
9.265032578584716516e-01
9.278418811678388334e-01
9.291919684708733751e-01
9.270392170293569878e-01
9.289472360794774897e-01
9.311534538782987314e-01
9.286595669478301396e-01
9.297673898117362334e-01
9.290315186668741676e-01
9.285292589407668773e-01
9.299648339194289681e-01
9.290139241568331485e-01
9.300388247089773630e-01
9.298041905378621186e-01
9.323880517522938893e-01
9.307297532140557106e-01
9.274047646645734444e-01
9.293968624849683335e-01
9.271197975876017683e-01
9.302248880817595156e-01
9.288672053082441815e-01
9.313469453458257385e-01
9.261717213157142359e-01
9.273212957254712840e-01
9.329742717923081852e-01
9.313034295672638629e-01
9.309473956244191939e-01
9.326538931193312232e-01
9.313022349083094342e-01
9.280173489156979816e-01
9.293655298018554944e-01
9.303085107032733614e-01
9.266616207794652338e-01
9.327056666960168441e-01
9.305527528180151942e-01
9.304328907636431056e-01
9.271783204474591811e-01
9.319089700977023494e-01
9.271928710988363020e-01
9.283426165628893001e-01
9.288859887260123571e-01
9.287073919294583924e-01
9.307943495077339868e-01
9.297005476921829104e-01
9.314103799817766705e-01
9.295827977440010992e-01
9.311790591467566935e-01
9.307629611837492378e-01
9.309973699675548886e-01
9.276362153104986685e-01
9.288301199781100470e-01
9.318555832642898551e-01
9.304201268088007071e-01
9.271587940428475116e-01
9.315381092697523346e-01
9.299232106873409620e-01
9.320320886318168574e-01
9.318412597349305937e-01
9.313016375379844503e-01
9.323367153663559836e-01
9.312591922151530754e-01
9.294526759789698556e-01
9.319141085985447326e-01
9.309682026832611923e-01
9.313903367324924965e-01
9.339669196085502723e-01
9.291132475802179602e-01
9.269197640641392288e-01
9.294831647356841531e-01
9.316326809564253741e-01
9.300345909779713649e-01
9.306712956393720093e-01
9.319216402689483036e-01
9.290429242989964864e-01
9.285475751603331496e-01
9.317487605438620202e-01
9.328238965533058868e-01
9.337104938503418827e-01
9.274953440114113157e-01
9.325340300592579457e-01
9.307085562616466135e-01
9.275836867370650385e-01
9.306298840999097655e-01
9.290793035875313244e-01
9.297194433672261171e-01
9.327249174253076092e-01
9.322950110224069720e-01
9.306574038045799524e-01
9.305125487724511535e-01
9.371745525612034111e-01
9.318267354688427595e-01
9.321943627582313097e-01
9.325534481540984633e-01
9.309912664216392075e-01
9.283856718234807515e-01
9.325160748749700135e-01
9.288235181090694903e-01
9.315567053115184626e-01
9.319191359756369142e-01
9.322757558580818671e-01
9.309580195271882630e-01
9.308852377251727317e-01
9.322375970619249941e-01
9.332188051734930934e-01
9.292933091862222161e-01
9.332130195064622935e-01
9.339683218356669148e-01
9.326365455683127692e-01
9.310101144264972817e-01
9.321269040419225549e-01
9.316930999765616894e-01
9.338072362554641348e-01
9.312935136193387642e-01
9.322614572638638908e-01
9.349088399042900788e-01
9.303934477318125396e-01
9.347049626957028012e-01
9.348262174759178755e-01
9.323282497302574079e-01
9.328920405474806499e-01
9.319783673661169443e-01
9.332962679159065855e-01
9.328077315509831768e-01
9.329114687918960147e-01
9.314327848150636413e-01
9.326054049183370998e-01
9.301124663710521601e-01
9.340116200543640002e-01
9.323283998050332366e-01
9.330720292904874924e-01
9.345128432888777370e-01
9.315070170849467646e-01
9.322918836721524327e-01
9.365289494461982445e-01
9.305293186790765114e-01
9.307995583969215225e-01
9.321346711098001947e-01
9.346026805616738375e-01
9.329604425024710102e-01
9.345631061114816340e-01
9.319667910696711743e-01
9.317791373056828474e-01
9.327955553797568911e-01
9.331925275090554583e-01
9.309495617221942299e-01
9.340745266221048837e-01
9.325796445106403487e-01
9.344611268670578452e-01
9.335651863781367910e-01
9.332989499739140493e-01
9.331644823280556000e-01
9.314555854217669850e-01
9.349400885751146806e-01
9.306750978060670532e-01
9.347876636932174188e-01
9.330803513718570752e-01
9.321940758361695334e-01
9.333618711013165203e-01
9.321416953982785136e-01
9.303512006136578361e-01
9.362550597484284864e-01
9.320377844697701475e-01
9.324730524512538921e-01
9.317916101387919703e-01
9.330669490497243146e-01
9.321322615485485574e-01
9.317899793079155168e-01
9.353208826150428701e-01
9.346013523781199206e-01
9.309556039057456100e-01
9.324670145944633504e-01
9.339280766125445110e-01
9.325672031072924639e-01
9.311413233994180194e-01
9.329258657260194321e-01
9.327214541829914607e-01
9.368928115071448737e-01
9.326366025737287124e-01
9.317169834893133107e-01
9.329001968899192088e-01
9.315670818415441312e-01
9.327348745424948184e-01
9.338488485467212330e-01
9.327810540121387328e-01
9.341430525872106427e-01
9.299483520131293091e-01
9.361168902478425036e-01
9.359594925422054512e-01
9.351845247098975467e-01
9.304921654040830825e-01
9.315909630023525567e-01
9.311973965503355100e-01
9.351012429747308508e-01
9.332234855650822780e-01
9.354500999893622382e-01
9.348206664118859921e-01
9.326422960196352197e-01
9.344287542075253583e-01
9.356837363542592767e-01
9.326667429184565261e-01
9.347013618938896373e-01
9.303348543074436705e-01
9.361055694311849473e-01
9.334134573757808528e-01
9.322545808820003055e-01
9.340921106979752642e-01
9.314912625593179119e-01
9.334939082835195245e-01
9.315055156211492493e-01
9.339279761577503614e-01
9.339013704194456533e-01
9.307772071640975087e-01
9.327299078534811994e-01
9.340807878025474409e-01
9.318869801554819920e-01
9.309844222605448971e-01
9.351099123831896343e-01
9.333801189249828489e-01
9.322302358843529424e-01
9.343200164479392722e-01
9.335345778638788339e-01
9.365626945964684591e-01
9.299729708307505893e-01
9.315495400488814637e-01
9.327053214412149851e-01
9.326791208438289793e-01
9.337227608199913931e-01
9.306048327172929957e-01
9.346166461031220063e-01
9.341542224353979185e-01
9.349105995664922508e-01
9.336922572926165120e-01
9.311991018049043944e-01
9.325145881980005935e-01
9.327340298313252509e-01
9.345340188463520104e-01
9.354816977768206643e-01
9.372675478244171243e-01
9.320306810460926572e-01
9.354411286929578129e-01
9.326333692152664057e-01
9.369567986669268267e-01
9.340847134549010722e-01
9.308167116272930697e-01
9.354463011134294126e-01
9.357873514054499964e-01
9.329149918816219689e-01
9.323831914767357620e-01
9.341641716598342304e-01
9.374251245999360993e-01
9.331200409762464565e-01
9.346732290635262341e-01
9.336938545195258010e-01
9.326328424381977733e-01
9.335511002868712715e-01
9.348302403014425721e-01
9.316526186206268711e-01
9.374901732423761569e-01
9.369406841712286660e-01
9.344747191618125726e-01
9.348234740095600070e-01
9.329428729204041204e-01
9.320991380522380965e-01
9.342897070744980992e-01
9.359038311230506446e-01
9.346503199382641958e-01
9.358236648009842229e-01
9.321659134956949977e-01
9.326802225058897777e-01
9.342135014283757810e-01
9.354494611997573594e-01
9.357782098799650727e-01
9.351821109169515811e-01
9.356872676244273324e-01
9.348015186167100143e-01
9.328245332498712461e-01
9.334871445820710489e-01
9.362389447104622064e-01
9.341274064286965162e-01
9.385346723595885399e-01
9.364852258624789538e-01
9.321861285524413177e-01
9.342768281142390663e-01
9.306757133679121052e-01
9.362700914764694460e-01
9.328692437098461410e-01
9.333148511056565955e-01
9.362752547367126921e-01
9.342277580034806794e-01
9.342933336223308016e-01
9.364825839318152711e-01
9.333806866912447431e-01
9.361927773769792571e-01
9.354226079751158940e-01
9.355248748829555483e-01
9.350008919592848189e-01
9.367981694283782357e-01
9.356520646903773164e-01
9.344594183543013521e-01
9.372355721647666060e-01
9.349724946807073112e-01
9.340795035571238802e-01
9.335057440903987702e-01
9.363148863202040983e-01
9.344163392172929461e-01
9.337746490862788296e-01
9.354821279956587743e-01
9.327701612195647973e-01
9.323658654730450079e-01
9.341424262849653548e-01
9.369408307769423461e-01
9.351902547164955282e-01
9.357211168079596630e-01
9.345692919021876266e-01
9.349670324056460480e-01
9.357872891566139106e-01
9.353322871466062116e-01
9.340150998449542330e-01
9.356068852066886654e-01
9.344680466096558780e-01
9.306548645041111678e-01
9.323518617858791435e-01
9.352538377205735776e-01
9.352059212766853369e-01
9.345598516686440815e-01
9.363168015738482231e-01
9.341117690697042786e-01
9.333715666460022931e-01
9.387258124949867666e-01
9.388758457367580856e-01
9.357456287123823158e-01
9.354827130321784479e-01
9.335099996497174812e-01
9.379306085534182547e-01
9.363275685784159252e-01
9.373671328109880463e-01
9.367016712967637382e-01
9.365777925372874568e-01
9.326422216662662024e-01
9.349969342226726043e-01
9.378750725758141504e-01
9.347974471896486337e-01
9.363295442782928468e-01
9.342365723519917564e-01
9.353712759476389138e-01
9.356030802852003392e-01
9.381046082731254732e-01
9.353013045209312981e-01
9.322205962825642622e-01
9.347826245679727863e-01
9.355530734668485726e-01
9.335811090662881062e-01
9.337562560395301636e-01
9.340509396936002018e-01
9.360039358849615576e-01
9.396397771607415406e-01
9.378754041519701268e-01
9.352083824054516770e-01
9.345625165123652156e-01
9.364037671166668408e-01
9.369341727026412325e-01
9.334361271078892575e-01
9.352038624262004607e-01
9.352016643173819421e-01
9.301597220716107950e-01
9.381299333538878349e-01
9.342044204764932136e-01
9.370636612241283192e-01
9.380483746754704200e-01
9.354864670752897071e-01
9.373992673900757300e-01
9.361236078535905003e-01
9.330351082422577713e-01
9.340360111935155363e-01
9.359703342295606632e-01
9.327903060163657001e-01
9.372826262337070613e-01
9.356230148126083446e-01
9.348553736949033466e-01
9.342173464771076352e-01
9.334159352537236831e-01
9.368933649301445232e-01
9.358103627501462851e-01
9.374446604590297438e-01
9.380408697281743535e-01
9.367392390692015347e-01
9.354218973890394695e-01
9.360351204963859306e-01
9.372073438491350661e-01
9.368282884542721289e-01
9.323474284392770928e-01
9.369258354104440523e-01
9.350157383740735906e-01
9.372362156659728161e-01
9.378507058836951238e-01
9.366530820568783611e-01
9.362143477133507696e-01
9.382002002120101158e-01
9.366969093070792729e-01
9.363028475089726355e-01
9.344673363496738272e-01
9.363139763469553456e-01
9.350487587684190860e-01
9.353479633832942897e-01
9.352890880217757941e-01
9.385233671170015723e-01
9.371016400381313449e-01
9.326186987907622017e-01
9.388744212102535514e-01
9.378768723626075277e-01
9.361591737260750445e-01
9.350324308952909780e-01
9.379196998486118986e-01
9.361101319534165244e-01
9.346755912467459293e-01
9.381649458575000988e-01
9.376305024312554526e-01
9.364419415660558688e-01
9.340332549953828112e-01
9.346074542485260928e-01
9.349035703797980990e-01
9.362732082573383963e-01
9.381987027308390514e-01
9.332432034526801923e-01
9.383521824886218443e-01
9.366969329329741800e-01
9.345869575253827888e-01
9.391391970199008954e-01
9.385862066940804382e-01
9.380794974033050959e-01
9.344233524090225229e-01
9.325567637486280592e-01
9.343465077562715937e-01
9.374728411580243170e-01
9.388799262586143834e-01
9.351045965479201083e-01
9.355908682883371519e-01
9.335553705970142113e-01
9.349025887108884936e-01
9.368110477397280089e-01
9.377422136799886676e-01
9.356850850820895849e-01
9.345049583148571370e-01
9.368142258739670103e-01
9.375338420666016193e-01
9.372781117649269245e-01
9.363083170227201046e-01
9.388398410468890010e-01
9.387263523813580424e-01
9.378743252133509012e-01
9.374185943776556229e-01
9.345416673389409512e-01
9.376453777801638800e-01
9.366682387535744114e-01
9.383799020942700242e-01
9.381709446000222608e-01
9.368763769454832024e-01
9.395146661123214837e-01
9.366811241362349438e-01
9.408500074650694156e-01
9.369491355313183112e-01
9.375960999697996456e-01
9.374132056794207690e-01
9.389655013915068071e-01
9.405569040143786363e-01
9.342454594461734319e-01
9.366914555899747974e-01
9.346628082731538445e-01
9.374329210515803812e-01
9.351469122299902459e-01
9.375211515567207776e-01
9.361993088170540434e-01
9.378230672850641492e-01
9.366242097098386177e-01
9.389703999262514200e-01
9.360479525327951578e-01
9.374625913537438793e-01
9.368010568185866083e-01
9.384742130862224752e-01
9.377292523916367362e-01
9.371275540537353788e-01
9.345445305388456747e-01
9.345818870354556385e-01
9.373667917310049003e-01
9.355588171958503230e-01
9.378954277947508800e-01
9.371223906244305901e-01
9.353447738995765981e-01
9.388827628642467671e-01
9.381790248077274130e-01
9.339752135223281515e-01
9.389835446272920549e-01
9.389951632551050142e-01
9.355670566433913482e-01
9.355639321443064427e-01
9.365584734137086809e-01
9.396510934215391853e-01
9.372416205073941242e-01
9.381674745837564888e-01
9.387546997746434307e-01
9.351690102531480253e-01
9.350573845326179967e-01
9.349345724931836799e-01
9.370610486325513522e-01
9.352090824039774875e-01
9.380488099070677377e-01
9.368017182878204396e-01
9.363805625640845287e-01
9.373628045873070302e-01
9.352636395568900696e-01
9.389855036707298597e-01
9.372839632855705094e-01
9.388320531952272230e-01
9.384258316922012844e-01
9.406677141167411049e-01
9.366731503219105637e-01
9.383363323173683490e-01
9.379153606374437402e-01
9.351081996464597479e-01
9.407850071810013315e-01
9.356082015068907243e-01
9.361750697724903203e-01
9.369237459730542783e-01
9.381763575363475383e-01
9.363945502836209522e-01
9.370447043232976725e-01
9.351064448897868919e-01
9.391613316027654923e-01
9.382805105217586483e-01
9.377130883191463484e-01
9.382366684168453874e-01
9.363414050014543522e-01
9.374319285427747950e-01
9.402634085487432403e-01
9.400811443167178538e-01
9.378019947287673519e-01
9.372822885702450924e-01
9.387033180274103605e-01
9.375309335475114914e-01
9.411211521183915352e-01
9.364130877824212718e-01
9.386300540617102950e-01
9.401392046833072502e-01
9.389743456444341607e-01
9.388269957777214403e-01
9.373101436972952616e-01
9.388282254526150172e-01
9.373709826449736493e-01
9.339216536021449633e-01
9.406812382052489596e-01
9.384728262750875460e-01
9.358135290328478684e-01
9.403173910323417983e-01
9.393159634173925410e-01
9.372305758159386047e-01
9.357641113836294711e-01
9.386295456049785768e-01
9.387169999861695313e-01
9.382707318811830399e-01
9.396567656680011593e-01
9.392717990376869830e-01
9.392915376425716723e-01
9.375966004409727050e-01
9.384047505132375733e-01
9.363262392935403078e-01
9.359203874773218690e-01
9.400312090544925558e-01
9.365267341378308297e-01
9.394850351061515559e-01
9.387835520351618390e-01
9.380308455510029120e-01
9.365499893070656778e-01
9.376661703295589012e-01
9.372912575309703120e-01
9.380889480987171236e-01
9.373038433171257955e-01
9.386322964342540542e-01
9.349367304167146564e-01
9.401683514062784131e-01
9.378233938455213803e-01
9.404113421264460593e-01
9.354683258434779436e-01
9.390459409747043962e-01
9.382132238232652188e-01
9.381684250725422780e-01
9.411204745202267352e-01
9.396880949403050298e-01
9.355469878166199349e-01
9.372312655875210119e-01
9.382003430626897345e-01
9.367555537526496279e-01
9.389039172748006035e-01
9.366924801515454924e-01
9.372745663208940092e-01
9.373480936775273609e-01
9.388480600237409934e-01
9.386352214712995190e-01
9.375724855471593289e-01
9.358068736661927511e-01
9.414886381702930462e-01
9.383634211418375726e-01
9.365083082303455875e-01
9.370543983457140236e-01
9.375913547688753402e-01
9.364503958527063965e-01
9.359064796875800063e-01
9.378978014382520767e-01
9.409966936368080459e-01
9.360077937128687964e-01
9.373750844623125467e-01
9.401117400408491864e-01
9.409228889921354977e-01
9.372878352526972101e-01
9.376847024582115608e-01
9.381021628891182962e-01
9.413038870985281914e-01
9.401755081556966154e-01
9.381430102767344126e-01
9.379281780199278939e-01
9.396120784966366379e-01
9.366321325589925806e-01
9.383415115100797177e-01
9.386316856016798660e-01
9.396252270735930834e-01
9.387009111845745490e-01
9.386367880040746847e-01
