5.774374994454661847e-01
8.259583288131134848e-01
9.269167380499020448e-01
9.367046858843799395e-01
9.374255229251150512e-01
9.403573109074410130e-01
9.453248886439180598e-01
9.479440342295140098e-01
9.478578292511323777e-01
9.488888789378088218e-01
9.480751353262538705e-01
9.498150880664535389e-01
9.505819118847983473e-01
9.523498996422994356e-01
9.520367917082915854e-01
9.517403886609723251e-01
9.508571540465895477e-01
9.522179751477919396e-01
9.506351250320127511e-01
9.544325459584047655e-01
9.533948198065045343e-01
9.538272627712293117e-01
9.516109505752280429e-01
9.554190924758512171e-01
9.534408101426168347e-01
9.521914948760471509e-01
9.502666313618622906e-01
9.526254277876698984e-01
9.547077947280900867e-01
9.530454924771718517e-01
9.485523797920308864e-01
9.524737523941421147e-01
9.515141792310434221e-01
9.522172203910223010e-01
9.547042106691544516e-01
9.530812327311404264e-01
9.510155906516806201e-01
9.538536572096697475e-01
9.540153546086626024e-01
9.513280035248893318e-01
9.505773044410145145e-01
9.543810904917202631e-01
9.514078431957887494e-01
9.482962012155967679e-01
9.532679480088416257e-01
9.497024922350933984e-01
9.511897579724842844e-01
9.491474930916162789e-01
9.531549098931749731e-01
9.515914718940223782e-01
9.525151396928898118e-01
9.530713686409925112e-01
9.499148371104848554e-01
9.522856178824423701e-01
9.493473644804455436e-01
9.510627836257294909e-01
9.514814744553152792e-01
9.513307025721707832e-01
9.539574023659597168e-01
9.514934211543523146e-01
9.532264867208087855e-01
9.510374620635245746e-01
9.508884918756734805e-01
9.542097998531303693e-01
9.519710612312960452e-01
9.489324754630359404e-01
9.499820742582825162e-01
9.493862978895490912e-01
9.496970626348397726e-01
9.530917826994323994e-01
9.527478710418381125e-01
9.500344380717398174e-01
9.522223837526339052e-01
9.515095901208497908e-01
9.538989576437958418e-01
9.530848312772496334e-01
9.487693463521448267e-01
9.533323753445757109e-01
9.528222781351078918e-01
9.515258624187828973e-01
9.514477605214632927e-01
9.516447186163070615e-01
9.559603728428522906e-01
9.535948169291822429e-01
9.538040456081243734e-01
9.541220843574415023e-01
9.530500049435454146e-01
9.530590871531116060e-01
9.537844407856667095e-01
9.509590541128614127e-01
9.506654396655237482e-01
9.522356908202949111e-01
9.512815367175859738e-01
9.531037964291129150e-01
9.531964228063847244e-01
9.522360734624623069e-01
9.530509789762008355e-01
9.535609242217321091e-01
9.503303573862521558e-01
9.535957162065775705e-01
9.524699333672569379e-01
9.513404672636617265e-01
9.511974672600937986e-01
9.496392264823818596e-01
9.525622245207169270e-01
9.529743221976620937e-01
9.491010921024812808e-01
9.544344120024795819e-01
9.485967168975512065e-01
9.538300438349941457e-01
9.491083142428140551e-01
9.513024192351294817e-01
9.510858674538351654e-01
9.525970846885694066e-01
9.509908654313203868e-01
9.511881835415114672e-01
9.510875567570890032e-01
9.532234380176786148e-01
9.531276035574136607e-01
9.514128450410552773e-01
9.536046730768457103e-01
9.529755608034484737e-01
9.512055466874561604e-01
9.523329920507925817e-01
9.508236132886147551e-01
9.532349566625158976e-01
9.521256272231735096e-01
9.503770090889800404e-01
9.489271302144809406e-01
9.523572967952740331e-01
9.522322516471480869e-01
9.508011864016601145e-01
9.527644273115813967e-01
9.510059980820471104e-01
9.494765452149855900e-01
9.520371639659744867e-01
9.516367326321657494e-01
9.513523742768893454e-01
9.507585311218085256e-01
9.530232730394118112e-01
9.518073916085896258e-01
9.520484452069412074e-01
9.537937276541573750e-01
9.525382958621734231e-01
9.517876147614469096e-01
9.525156237351308786e-01
9.494947271588612958e-01
9.505425638176594472e-01
9.509175781049161724e-01
9.549539214629455541e-01
9.515287309094478951e-01
9.505295111691016707e-01
9.518107230321342094e-01
9.507885464765259975e-01
9.508030584053428491e-01
9.530611475447005043e-01
9.501354145808705853e-01
9.520542871804584806e-01
9.507672648581905195e-01
9.487112302083526849e-01
9.510877037392274636e-01
9.508252194412201153e-01
9.492177737565604678e-01
9.510328551123814478e-01
9.514713119072023551e-01
9.480786509551759611e-01
9.514232210506465837e-01
9.499071372378889988e-01
9.513043429948385699e-01
9.521393042207848545e-01
9.533270893309921945e-01
9.510539368487479495e-01
9.542548473801394371e-01
9.502665636016278672e-01
9.506117102006256259e-01
9.489829128604847508e-01
9.502864817954522758e-01
9.517891924338369725e-01
9.537579455554511254e-01
9.526961182988699095e-01
9.523182036473347711e-01
9.514611792841055626e-01
9.542772544157479553e-01
9.497727485457970742e-01
9.532027078646072571e-01
9.512682900808627773e-01
9.515954114039857359e-01
9.524948923548773871e-01
9.539543347326029377e-01
9.518607185116551017e-01
9.499514983397070456e-01
9.522178840618252815e-01
9.510984731314664486e-01
9.513625912763876702e-01
9.521915103481154441e-01
9.529771161597048179e-01
9.547001350686787902e-01
9.529859540501870452e-01
9.499098049439618219e-01
9.543964110492763053e-01
9.497697691180677637e-01
9.527514543629495014e-01
9.518851002829045171e-01
9.531671309590399321e-01
9.512733059494824506e-01
9.485779960243634346e-01
9.508102379574979723e-01
9.516180266940977850e-01
9.508800034659800060e-01
9.509729250458828220e-01
9.487055537542522510e-01
9.524457695064608709e-01
9.514953963574472873e-01
9.510452477788451375e-01
9.513331617700491183e-01
9.514777257356628049e-01
9.523910735351591716e-01
9.529834496715066106e-01
9.516408913389020618e-01
9.498933078410404240e-01
9.536503812577526995e-01
9.539914736293630959e-01
9.509466419368064471e-01
9.520098755854186079e-01
9.509445321618322788e-01
9.510727601829453981e-01
9.525008901333295031e-01
9.503366030645608031e-01
9.533693943677529203e-01
9.536255091431919961e-01
9.513252030508070334e-01
9.516660460696979573e-01
9.528891284409136686e-01
9.501626404063956421e-01
9.490232891152421413e-01
9.523431333573718627e-01
9.501440301229480134e-01
9.540067845507673727e-01
9.515229605368134003e-01
9.500706543229134882e-01
9.515868973010727094e-01
9.478835000720943205e-01
9.488043964254190277e-01
9.521311813267132607e-01
9.508860103283165444e-01
9.509588203294887521e-01
9.538959533049620187e-01
9.530842200865752289e-01
9.525206303833465560e-01
9.491877083589447262e-01
9.517003891695672291e-01
9.519367262064135637e-01
9.539025311745710223e-01
9.518035632503517585e-01
9.520387201680969858e-01
9.524947143511172110e-01
9.521386662625384023e-01
9.497361460824138568e-01
9.547029365224835029e-01
9.513763651037336899e-01
9.520916205420613121e-01
9.493489052763376401e-01
9.533786108585832197e-01
9.504732336808737747e-01
9.495447036975569466e-01
9.491863234905900670e-01
9.528347322778115691e-01
9.531356426619518318e-01
9.504034455613051824e-01
9.524449454588769237e-01
9.545498793841096230e-01
9.535527455395946816e-01
9.514686367682724244e-01
9.501954520245773361e-01
9.559138788445362689e-01
9.551224475879582787e-01
9.494409851671531397e-01
9.500498379166026908e-01
9.495064784414368741e-01
9.512652358777945460e-01
9.523721383065434365e-01
9.521245004750373830e-01
9.530141724982615914e-01
9.531409286830948568e-01
9.487698637774781840e-01
9.475764600892463418e-01
9.504965898073164388e-01
9.506547432666115904e-01
9.480904711893352044e-01
9.496525549185497184e-01
9.526007643845973982e-01
9.501414268353632897e-01
9.493098816440668219e-01
9.522026295589292033e-01
9.517744528777760671e-01
9.509213935562803588e-01
9.498737513210494532e-01
9.512849417878492808e-01
9.505138559457118053e-01
9.505913026518694187e-01
9.492705719924643404e-01
9.500455617997742852e-01
9.508149228190934110e-01
9.466474480499676991e-01
9.513158900228817494e-01
9.484239715520318414e-01
9.509298433060805467e-01
9.512290237084485289e-01
9.494504168018391699e-01
9.502991630309503002e-01
9.499120663135505183e-01
9.548322142051464123e-01
9.522141714173922855e-01
9.545258991270717530e-01
9.514362278019408148e-01
9.530199177268884325e-01
9.492742933157584106e-01
9.514364526813966494e-01
9.515258843518072940e-01
9.504763356541011676e-01
9.525063754224653012e-01
9.529361476164796008e-01
9.522984681557026265e-01
9.532625963308855033e-01
9.502163992983432284e-01
9.497236031803069078e-01
9.509812635629371069e-01
9.549056953850857399e-01
9.540711085430674254e-01
9.464974649406889817e-01
9.523916702176479232e-01
9.543107001996594674e-01
9.521257031169686469e-01
9.501065197864539957e-01
9.516780056430585999e-01
9.535597138516849203e-01
9.513558487123934260e-01
9.518631537941242282e-01
9.507493830872252305e-01
9.509226942115390768e-01
9.513081039548775264e-01
9.511578630855649363e-01
9.534145432497119765e-01
9.500162720281545292e-01
9.517001246367147171e-01
9.494329532475740407e-01
9.511530818885616245e-01
9.517434302567217008e-01
9.528759891287024164e-01
9.487628323128219909e-01
9.519512275820031233e-01
9.523231968990594210e-01
9.502998413987786552e-01
9.516870138606835505e-01
9.468089128221431894e-01
9.498726519001421398e-01
9.494196051124084157e-01
9.519477981174635506e-01
9.516777882255709198e-01
9.507308167154868705e-01
9.529089021181041952e-01
9.503697489666347309e-01
9.497841081400054675e-01
9.517800878005491239e-01
9.501583129199711042e-01
9.515191302715870769e-01
9.522357122035624011e-01
9.489078288947796480e-01
9.507330761667160957e-01
9.500921269586087847e-01
9.502893254103466081e-01
9.527845428246883852e-01
9.534091840804751472e-01
9.522129327965640488e-01
9.481580530852676825e-01
9.538454135693624769e-01
9.520785140339084185e-01
9.526550486883640367e-01
9.484806456783095863e-01
9.519068128414897023e-01
9.537770704691872492e-01
9.460764695369232591e-01
9.521387466090407425e-01
9.497760315642758133e-01
9.513972349539938644e-01
9.507098351655616231e-01
9.539335865116229662e-01
9.525082180145406641e-01
9.536835535210932413e-01
9.515060249399964754e-01
9.488965849418055098e-01
9.530423838005717130e-01
9.516182904878742743e-01
9.505357434555279372e-01
9.495416564756128386e-01
9.532988351059924481e-01
9.509870441460560597e-01
9.507916798979786366e-01
9.512244222076555733e-01
9.496314919219280837e-01
9.511783565385507622e-01
9.522007213663357117e-01
9.539523364351661927e-01
9.512252442557600496e-01
9.539291127299911466e-01
9.489659311430849176e-01
9.520979403127849405e-01
9.512674039119727309e-01
9.496070878513120928e-01
9.518187804923461393e-01
9.544060057081202864e-01
9.509722740690051968e-01
9.490387408328773144e-01
9.497914184351825551e-01
9.519861145162850091e-01
9.524147118343793128e-01
9.513320672099402353e-01
9.515120947464490442e-01
9.533503324816813285e-01
9.525380321574623554e-01
9.537963237406766881e-01
9.482775578222060187e-01
9.529970378150145471e-01
9.543623078235647927e-01
9.503533610540296772e-01
9.501001408780861412e-01
9.493985943327559740e-01
9.485889462638443792e-01
9.514764741160721684e-01
9.517948163491912750e-01
9.506891984119436589e-01
9.543976947527424981e-01
9.511955040349505675e-01
9.510697907717865496e-01
9.504663916150545289e-01
9.540716347458497726e-01
9.512992222360073802e-01
9.481040061107328665e-01
9.503680887342668138e-01
9.525033264578316450e-01
9.513850094269169499e-01
9.525526345701511577e-01
9.538639914532913711e-01
9.501259439465894463e-01
9.481781769920049063e-01
9.538728542357919338e-01
9.501979235369261145e-01
9.503720017124757113e-01
9.499683283243880449e-01
9.532545313813700627e-01
9.500279960494105724e-01
9.493136636411062534e-01
9.517538303531111188e-01
9.504000518082524884e-01
9.506433984903113199e-01
9.518890515216791304e-01
9.503525160207584310e-01
9.530713794284345619e-01
9.520810541601067989e-01
9.504671507641867523e-01
9.513013497276712194e-01
9.547841803299430552e-01
9.551996707228330719e-01
9.524708634385308237e-01
9.524281764070960943e-01
9.528963999537127805e-01
9.530089665215975003e-01
9.500817324002187592e-01
9.512892623183382135e-01
9.517593329537259450e-01
9.489757512987350152e-01
9.495335634433672567e-01
9.509514387858343243e-01
9.472354900939394806e-01
9.519010364887001696e-01
9.525295713069785730e-01
9.531845369882525620e-01
9.539993826716883785e-01
9.552141874276977029e-01
9.508300888082789060e-01
9.498595407193523021e-01
9.513892979103045766e-01
9.502668450501293718e-01
9.523710070627600111e-01
9.501840794352350850e-01
9.511604011229950473e-01
9.517831561705826227e-01
9.533964441274541679e-01
9.519578931309135017e-01
9.545101960090067728e-01
9.515759968712069750e-01
9.493174018257062308e-01
9.529769640470820979e-01
9.496393564141770716e-01
9.516849882958019480e-01
9.526059128534007936e-01
9.504944336150221718e-01
9.494187575025745396e-01
9.524021049464707067e-01
9.504529735357970521e-01
