7.378976502481293664e-01
8.571488932131440253e-01
8.884201730203995506e-01
9.033647291507078680e-01
9.076508851338485062e-01
9.155229388471892715e-01
9.197409326304886168e-01
9.236403184896723184e-01
9.237096103658378743e-01
9.243285870555646433e-01
9.202862442540582499e-01
9.234316953687502494e-01
9.251339346403608666e-01
9.215086671312874289e-01
9.222457005092478122e-01
9.215002696764781343e-01
9.253717153023325315e-01
9.233732862173931188e-01
9.290845676955414856e-01
9.287605511502138311e-01
9.272511039627885365e-01
9.273315393790102501e-01
9.280098198866713055e-01
9.286255486935230952e-01
9.285073324839979714e-01
9.281205822236585634e-01
9.278834413517405011e-01
9.266429959682445094e-01
9.328333998870163013e-01
9.275167796669381293e-01
9.262003427044596116e-01
9.317149875562840133e-01
9.257629556018103223e-01
9.295718114885643812e-01
9.303483057514778665e-01
9.314555778097497463e-01
9.313850857895110691e-01
9.317744201966855488e-01
9.311335743353659211e-01
9.308416934667479437e-01
9.274951995957557704e-01
9.298006158923257658e-01
9.296794651470505766e-01
9.256878394627866546e-01
9.305135815992406911e-01
9.280488768665446919e-01
9.302051650507165981e-01
9.279454938746626302e-01
9.304616523455941923e-01
9.319391077124189460e-01
9.298101110058981655e-01
9.309605881564378960e-01
9.294095765917969043e-01
9.300245462925362805e-01
9.280664414434700582e-01
9.302817911073697488e-01
9.292909739793995261e-01
9.318241263554978282e-01
9.342693826458159378e-01
9.319376426172134575e-01
9.306437845983072110e-01
9.316893298914078470e-01
9.314620593601974363e-01
9.339388412993245847e-01
9.322014209937959928e-01
9.290565613974357539e-01
9.289832599563297988e-01
9.315526169507549747e-01
9.311583484497133467e-01
9.357316673749431768e-01
9.338229456203398504e-01
9.290024270218409930e-01
9.334688785898150876e-01
9.340077603010588092e-01
9.322937938850512918e-01
9.324300279683999104e-01
9.306031619260289878e-01
9.350089643701650077e-01
9.336903805591311167e-01
9.335459118638949061e-01
9.321925423052883630e-01
9.335474946843100863e-01
9.369147234155471571e-01
9.347451776157712500e-01
9.349621475920451008e-01
9.362012148331028127e-01
9.356573558972979265e-01
9.333270150884149796e-01
9.355151428909799227e-01
9.333880570919766972e-01
9.335120562191392413e-01
9.344344229437443472e-01
9.316917970486698897e-01
9.374806063617752150e-01
9.374058209465272462e-01
9.332433122641167200e-01
9.366990094726193039e-01
9.360473509906750422e-01
9.332829813333908264e-01
9.340741885834712432e-01
9.326631058373858751e-01
9.342184493224421349e-01
9.303123960476880061e-01
9.345928583142593116e-01
9.310372516790603736e-01
9.349021230055373222e-01
9.344617726147538272e-01
9.359938861434629054e-01
9.328217182175067013e-01
9.352635137175019375e-01
9.323987633320680590e-01
9.339117387063559095e-01
9.338615613268826943e-01
9.362945024159301521e-01
9.336290117150112255e-01
9.367689824412553934e-01
9.334392290904202083e-01
9.358593581494590863e-01
9.363821746300881044e-01
9.345113673499014784e-01
9.366990217486006465e-01
9.358343469811908344e-01
9.356256091742903847e-01
9.367300955338173640e-01
9.364527210202269192e-01
9.367511476660984604e-01
9.366402695112636678e-01
9.380722072442634341e-01
9.353574502119846867e-01
9.381933933971304818e-01
9.392258694913490080e-01
9.360305439151769269e-01
9.378042940252748760e-01
9.363525856818141202e-01
9.332192875305100888e-01
9.364215718892774376e-01
9.361793346795795889e-01
9.376379663412437448e-01
9.369758998153588925e-01
9.394907809598386228e-01
9.373398862261069775e-01
9.376423936004665283e-01
9.372574422388926241e-01
9.393530422654694512e-01
9.373982734249367565e-01
9.341647959019133696e-01
9.359943206600932486e-01
9.366418891033713168e-01
9.368954710718362389e-01
9.411675436117005189e-01
9.355896420987086515e-01
9.357658563968161980e-01
9.373900097137792820e-01
9.379627816076878677e-01
9.364485820770912516e-01
9.379065302950309047e-01
9.355964226020220265e-01
9.358661315056441277e-01
9.371113213843059730e-01
9.326359285035819013e-01
9.399371798920093113e-01
9.384878003341203812e-01
9.353426887038797100e-01
9.369424533870435168e-01
9.384791096898889018e-01
9.330206943892451754e-01
9.358542143376351596e-01
9.342538306908065859e-01
9.367071074041877221e-01
9.371602827187912599e-01
9.385489902534188689e-01
9.396066510765822555e-01
9.395394036062036935e-01
9.383520711902403333e-01
9.374272351042017837e-01
9.345804300564088951e-01
9.369095485961332903e-01
9.376459944741981634e-01
9.397327305635674310e-01
9.422399082339366627e-01
9.385262386774431143e-01
9.370107294245521024e-01
9.435978601664370968e-01
9.377489637543755530e-01
9.388739899153653035e-01
9.403979564862597895e-01
9.392131021325371698e-01
9.394357025513855319e-01
9.415300696265365143e-01
9.387870988116954196e-01
9.378779632903736507e-01
9.404186611678342356e-01
9.394913537866966813e-01
9.386993690214331387e-01
9.401834012300265275e-01
9.412787001008653398e-01
9.431350035178182045e-01
9.419743863432077369e-01
9.374542991576070294e-01
9.427439945381979047e-01
9.377367596517131032e-01
9.411623558447191895e-01
9.424905504191707362e-01
9.406287347169488555e-01
9.412435848163718255e-01
9.367035164516663848e-01
9.380367310369939204e-01
9.409453434502570435e-01
9.385129155990529215e-01
9.398534152544787412e-01
9.387215997609429374e-01
9.415150781274718161e-01
9.410652118241299435e-01
9.402261633864396062e-01
9.410227383640378251e-01
9.410184457472194897e-01
9.453253435875514921e-01
9.433109688379492930e-01
9.435298804529723693e-01
9.395730446314732864e-01
9.436541687904325126e-01
9.407411432084105130e-01
9.409871937980801571e-01
9.438856510536881572e-01
9.407316517166960379e-01
9.423967145631142461e-01
9.414762416525914723e-01
9.427622639156584272e-01
9.442290188150386232e-01
9.421895852216640721e-01
9.411019697875204759e-01
9.430259260425665202e-01
9.428710474056284374e-01
9.418380411930067364e-01
9.411004627674957046e-01
9.442121175560546087e-01
9.393145674910138299e-01
9.461593991383026037e-01
9.421709856923581317e-01
9.425741574013620783e-01
9.422815414417227142e-01
9.392411752760735366e-01
9.437267940123664767e-01
9.449426874640545204e-01
9.421702974799900376e-01
9.425079189110997513e-01
9.460386993068440331e-01
9.453800273491651529e-01
9.428316382290286013e-01
9.423234304544633178e-01
9.451284987884248645e-01
9.448561276981498613e-01
9.459456909727551599e-01
9.451997113861037025e-01
9.434425904585792555e-01
9.450601530799319638e-01
9.434412699404347569e-01
9.424986257894849562e-01
9.456588532494735189e-01
9.438990312630125556e-01
9.422270538318346933e-01
9.403283806306814707e-01
9.455365837780700389e-01
9.422820813490968561e-01
9.405753615788400301e-01
9.421588079576403985e-01
9.473002934416225873e-01
9.464963293855657156e-01
9.426972321818436473e-01
9.454759971973959454e-01
9.447744461658782456e-01
9.450093839870344903e-01
9.413155825488388473e-01
9.416380054394253296e-01
9.485967819523897226e-01
9.463949870519529073e-01
9.412146442898308152e-01
9.434210505590278073e-01
9.418655509998107300e-01
9.453330596125425478e-01
9.446079252016520433e-01
9.452010464535891554e-01
9.466953095826637909e-01
9.456302016973017199e-01
9.417834154635058574e-01
9.424391234384170701e-01
9.430671606855592914e-01
9.462537430837459906e-01
9.426610869157384665e-01
9.426261362446206604e-01
9.439967099076386203e-01
9.416189788193501942e-01
9.420877414964413665e-01
9.436326245360032727e-01
9.454854227631303010e-01
9.464981947794134376e-01
9.410438887785093076e-01
9.445102939459506519e-01
9.449298116695965533e-01
9.461818720681722805e-01
9.417043189173850415e-01
9.460282445680050500e-01
9.462737205694172760e-01
9.397503050258747548e-01
9.451568878753998648e-01
9.412346658509037622e-01
9.440660012501966847e-01
9.456720933796965989e-01
9.440960616779446868e-01
9.444838430504927107e-01
9.431295635541493416e-01
9.473068168385913035e-01
9.436493152647856819e-01
9.456954950598424059e-01
9.432874970848122986e-01
9.484741582455548103e-01
9.422141094795459804e-01
9.435333076525822538e-01
9.431951172828532126e-01
9.430401189078279067e-01
9.466448703307300816e-01
9.473112139793954389e-01
9.455677759179328401e-01
9.473238089301115883e-01
9.430408158064340629e-01
9.443250467667381187e-01
9.434031229010421127e-01
9.470493625817495431e-01
9.486118220200833173e-01
9.398917189239036629e-01
9.455041942005927291e-01
9.481792726159407048e-01
9.479626561779606053e-01
9.433724617990939532e-01
9.450823733104011248e-01
9.484283236360815383e-01
9.464276136966498498e-01
9.466635567235101023e-01
9.443374781693105735e-01
9.440301315931689530e-01
9.467849822059409837e-01
9.454675243893072567e-01
9.466590102250586058e-01
9.452536653741513417e-01
9.467389637662629864e-01
9.439499279585858993e-01
9.442233308369273326e-01
9.454820697889869674e-01
9.496614088762851402e-01
9.428569749030057956e-01
9.448314417148945266e-01
9.462277200629151119e-01
9.454359656828201786e-01
9.457322443951197144e-01
9.416730667140750244e-01
9.444717377125249058e-01
9.440097384137778880e-01
9.446450052610648740e-01
9.446113404991509643e-01
9.435078848110322047e-01
9.473063427063062036e-01
9.461752012024116087e-01
9.436383078768222354e-01
9.462818169527759116e-01
9.443435285127738110e-01
9.459387036488623446e-01
9.480341517547939967e-01
9.438246945235168051e-01
9.459083319484767882e-01
9.439453317673981436e-01
9.452902461981754767e-01
9.462708987102558256e-01
9.487857823452505723e-01
9.465997091284652498e-01
9.443875715722611641e-01
9.504716167014365391e-01
9.465159794386596159e-01
9.476208562385636247e-01
9.433952808329978401e-01
9.463666104332183471e-01
9.498264866205858858e-01
9.419356481837664052e-01
9.486981030096631740e-01
9.445207968348646732e-01
9.462135719176920645e-01
9.473714664855721335e-01
9.494985869608333351e-01
9.477461113036106388e-01
9.494458292528957788e-01
9.465411786831535723e-01
9.441122025046765343e-01
9.491280343078624115e-01
9.482016455611320671e-01
9.472208379569643233e-01
9.453537574640531460e-01
9.489217940009087027e-01
9.496151895536668608e-01
9.470082043220214851e-01
9.484380195813042480e-01
9.466681146943373149e-01
9.481065746959139728e-01
9.498427020324269332e-01
9.499044565211118840e-01
9.464734075075460495e-01
9.505480641421949484e-01
9.451432595353989052e-01
9.500834378857251350e-01
9.491609356751461446e-01
9.476999767160407817e-01
9.481479221817901148e-01
9.510733663259730575e-01
9.498272464885118005e-01
9.449858832029444100e-01
9.471234187920062331e-01
9.481184369937385448e-01
9.499657844195886769e-01
9.490989027150400492e-01
9.487937394303741501e-01
9.480102592040036136e-01
9.505362933804601955e-01
9.521782575583922492e-01
9.458769126691440876e-01
9.496213398408355211e-01
9.507390393816507190e-01
9.484610073662920193e-01
9.478539588537053806e-01
9.462977410259635347e-01
9.475943632650034587e-01
9.477515494587115397e-01
9.481374437111307341e-01
9.492815489645419769e-01
9.510467623072608179e-01
9.494230631434048551e-01
9.474161891955493742e-01
9.472979165145468672e-01
9.509018809722035170e-01
9.493252523858135561e-01
9.444054256366394284e-01
9.476441091496579094e-01
9.517841337430106297e-01
9.491751728106712083e-01
9.492662897344352757e-01
9.508267690915191972e-01
9.482190287626900416e-01
9.449398804826473208e-01
9.509814421288801389e-01
9.477006739733579987e-01
9.479264569577940946e-01
9.481749854960471735e-01
9.493492014924118649e-01
9.475382330909805084e-01
9.483633288444783815e-01
9.500408432560538685e-01
9.480023869494139666e-01
9.494053666091409882e-01
9.489637382584232839e-01
9.490716746640127655e-01
9.512730791126662311e-01
9.499188062282724054e-01
9.477557377544871819e-01
9.488818764091890845e-01
9.512719845527390916e-01
9.523327699633254984e-01
9.500473569815828245e-01
9.497139751206790104e-01
9.496533401571702893e-01
9.501046667027795989e-01
9.476079336232017258e-01
9.504963213278349032e-01
9.491979827612166964e-01
9.465140567530586635e-01
9.473705706667099324e-01
9.495173541017990493e-01
9.461097775900753071e-01
9.500033831710238408e-01
9.497880463201188173e-01
9.522092945454329049e-01
9.523270326182855516e-01
9.533633390792287665e-01
9.489858356479644597e-01
9.474976573683301373e-01
9.488951057643399967e-01
9.485104177967165207e-01
9.497625284451653993e-01
9.482409011331598414e-01
9.499955417598983098e-01
9.493700306909292896e-01
9.521563539488313577e-01
9.501565633362932806e-01
9.534228693207184024e-01
9.494706865407716023e-01
9.474096927051836037e-01
9.512120066467582014e-01
9.486431116134760311e-01
9.499686771928756990e-01
9.514988983932343158e-01
9.500110713782555782e-01
9.491490395644615052e-01
9.509731251516720940e-01
9.510242547665206381e-01
9.493442076129310347e-01
9.476191967755448475e-01
9.508992145877179780e-01
9.550545991311136795e-01
9.522857986727506496e-01
9.496715602480267915e-01
9.501206428191925069e-01
9.492693370694086363e-01
9.503779592714440838e-01
9.501379680317320053e-01
9.490350052101134137e-01
9.499596917267270069e-01
9.524835055894903535e-01
9.508549459377125812e-01
9.482939339428134717e-01
9.473640907171633208e-01
9.515373475375891177e-01
9.500370137993996433e-01
9.501954949916179283e-01
9.510016277474218072e-01
9.479729093257446282e-01
9.525381999665695210e-01
9.535882793452460371e-01
9.499173655312120879e-01
9.521468830212612700e-01
9.509192585880174020e-01
9.501145003637044839e-01
9.511285854471807077e-01
9.510318999542490825e-01
9.523098379869260333e-01
9.519719799939194704e-01
9.502938915791072638e-01
9.533209288728928810e-01
9.512004589522093934e-01
9.481124433751871861e-01
9.544821645498775542e-01
9.483269115353776257e-01
9.539520433720304338e-01
9.524718482305032374e-01
9.496865705670854974e-01
9.503583537952374760e-01
9.519496842644912249e-01
9.493332414541429953e-01
9.518228127958446860e-01
9.530734702160249538e-01
9.486637598086790080e-01
9.505718413951939061e-01
9.501496799448921893e-01
9.497673102313924920e-01
9.535009373609769634e-01
9.515154235842636643e-01
9.539376269292278998e-01
9.502831157908195880e-01
9.477634017722270654e-01
9.499719307961305148e-01
9.494019484268587661e-01
9.504267191233091161e-01
9.513782127240282271e-01
9.528937721875282429e-01
9.540182364625271472e-01
9.515392213216078421e-01
9.523368547379803539e-01
9.511574738341871393e-01
9.487239129095625945e-01
9.506839796662266417e-01
9.484202873416586188e-01
9.522056901134386964e-01
9.522441473478345797e-01
9.498051997849253913e-01
9.513377955311759226e-01
9.496791523090541975e-01
9.526973395890165897e-01
9.500688559303451797e-01
9.532780123996860144e-01
9.504290896100998642e-01
9.517598991485376470e-01
9.509196010736444826e-01
9.513204742900946975e-01
9.520010632105614379e-01
9.505545474283343399e-01
9.489734755712480041e-01
9.536871271357333368e-01
9.507913170563585536e-01
9.507530463956216371e-01
9.493241062474649938e-01
9.538439567290615262e-01
9.490751401938672949e-01
9.513208463150638616e-01
9.493321490344114322e-01
9.525250147809348755e-01
9.513768710232929360e-01
9.517169850149570509e-01
9.505055807887339281e-01
9.492322456377705331e-01
9.509338132225562124e-01
9.477442061288984254e-01
9.532895820300311129e-01
9.533591864190795739e-01
9.555510385690563213e-01
9.513658519369811994e-01
9.491485950844062991e-01
9.507466706869660555e-01
9.493671342852925132e-01
9.530129778955118702e-01
9.495087990112230925e-01
9.501500094332044899e-01
9.503266771026163129e-01
9.485911567345778339e-01
9.507011082091402221e-01
9.507999853219475384e-01
9.485303048080435673e-01
9.526453738669415916e-01
9.472987068666655075e-01
9.512271741265354574e-01
9.476450312318256408e-01
9.493034166537976937e-01
9.491309326166845750e-01
9.502374696286346456e-01
9.510323951312864565e-01
9.506293376963964592e-01
9.497304443661568341e-01
9.501946878120927087e-01
9.503209048482654797e-01
9.483718867941924868e-01
9.477738348390887246e-01
9.518273801220570318e-01
9.537465192033831585e-01
9.494623032687756758e-01
9.509333764918244114e-01
9.526787686062462290e-01
9.514425787911795496e-01
9.506871642153027491e-01
9.501755088255124937e-01
9.516991033790609400e-01
9.518410490074955543e-01
9.484047638278141346e-01
9.496015198151493975e-01
9.524196789780728922e-01
9.505451994805174110e-01
9.510694978915300579e-01
9.536993620639192537e-01
9.511891732252042431e-01
9.511163343059607644e-01
9.525619478401962104e-01
9.536870967371483543e-01
9.513265442919941473e-01
9.531382888502732964e-01
9.500256401866504774e-01
9.513424415152185176e-01
9.515190151063722679e-01
9.513131259262858075e-01
9.509262982636949024e-01
9.495991133602744716e-01
9.498799210354632594e-01
9.496297597207475905e-01
9.500398812012902372e-01
9.532140743277919270e-01
9.498850279028089316e-01
9.510625339048073279e-01
9.529665705061963754e-01
9.529114281253719954e-01
9.496698064047285337e-01
9.488486750215491261e-01
9.509528162181817290e-01
9.523913578526118640e-01
9.498187193181774068e-01
9.543637136110101338e-01
9.506363893868386983e-01
9.487667193314495151e-01
9.527016386847320106e-01
9.535205488697848786e-01
9.542889405194222574e-01
9.517943851066373862e-01
9.528002950605167776e-01
9.504871110285166846e-01
9.517051277593480130e-01
9.521079850334215333e-01
9.526873895740169962e-01
9.516600844503105838e-01
9.536411813102724233e-01
9.525284603353175727e-01
9.534861316600088399e-01
9.509729153442957328e-01
9.543270117215072457e-01
9.533342903856725226e-01
9.508423680633592001e-01
9.492832809158691099e-01
9.545515786750612408e-01
9.503454906869657215e-01
9.496535502696356046e-01
9.525248295403000443e-01
9.523001974464502251e-01
9.503860129604230211e-01
9.509826910725999172e-01
9.496718835045548923e-01
9.546346955401612266e-01
9.522883171372819033e-01
9.526861637141302852e-01
9.543330097225324327e-01
9.510599831576853624e-01
9.532203947478525841e-01
9.508818311691777936e-01
9.501805052844132238e-01
9.497853399222918602e-01
9.500316785902350736e-01
9.516717655159988576e-01
9.519185683321225167e-01
9.514859894514204885e-01
9.513246298372923793e-01
9.506140964632638912e-01
9.515725849997432872e-01
9.517266692315736742e-01
9.529914742411889073e-01
9.514442843617172407e-01
9.525980567492235984e-01
9.489650016812497535e-01
9.539627826116049425e-01
9.508641367802537214e-01
9.517834196781115308e-01
9.527190256870150531e-01
9.529759183980993642e-01
9.506735226818562312e-01
9.496289057733243721e-01
9.491766623140639458e-01
9.523839838111270995e-01
9.537906593989319282e-01
9.492419063298310755e-01
9.512427107263315973e-01
9.524084319978728397e-01
9.527074821694315743e-01
9.495192885048356901e-01
9.542396908224248797e-01
9.493360492220116464e-01
9.508087767532140688e-01
9.490192716566232534e-01
9.518346043884716723e-01
9.543738938553714135e-01
9.494810807455217327e-01
9.541662252510089148e-01
9.503433006149553108e-01
9.520221048482359061e-01
9.524472679089959204e-01
9.501324192975416638e-01
9.525727452088214031e-01
9.477342263624275454e-01
9.535458208594232987e-01
9.514794004496164304e-01
9.533274098542005026e-01
9.500850612383620053e-01
9.487419455920137468e-01
9.514172205580406771e-01
9.520179282064868964e-01
9.508586127536186039e-01
9.501367916378208323e-01
9.505754913744058898e-01
9.499520094267659420e-01
9.506498076505267569e-01
9.522306172276722158e-01
9.521326926798326928e-01
9.479481647475664907e-01
9.523360770625634020e-01
9.508643143859601965e-01
9.507519443436838191e-01
9.547332914977154639e-01
9.534902427906711830e-01
9.505408892667177589e-01
9.527811319013417268e-01
9.510697492587282253e-01
9.510918041124416522e-01
9.527380189626598606e-01
9.511804026635579667e-01
9.491649855194093099e-01
9.515138156848610418e-01
9.522090138021692685e-01
9.493601680417110833e-01
9.506815571979410073e-01
9.529242420472917585e-01
9.503986365355621135e-01
9.519811954701800083e-01
9.518171931335335234e-01
9.528031853889469271e-01
9.515640207000219952e-01
9.523433175916433679e-01
9.496937217448467861e-01
9.511735995761279039e-01
9.501463914146226486e-01
9.521646179430832690e-01
9.539380795735800112e-01
9.544749945039642247e-01
9.508026956638105931e-01
9.556739845058502825e-01
9.522021300512621966e-01
9.476592548035692731e-01
9.526386144421686852e-01
9.498022299313817474e-01
9.527493440965665306e-01
9.523462320038273976e-01
9.520244719523669463e-01
9.531231498400045687e-01
9.503815976784626418e-01
9.500338883243322208e-01
9.511151016366429234e-01
9.499949439381505378e-01
9.520691881442057136e-01
9.464615259971587147e-01
9.527393087368954960e-01
9.515440695434796980e-01
9.520920966051885648e-01
9.507114019943146976e-01
9.535181982322961103e-01
9.483940086301932970e-01
9.529350827728152451e-01
9.511470090930860266e-01
9.519454736258455840e-01
9.543316205175127465e-01
9.536673530467533189e-01
9.527785529543330023e-01
9.520815937948992058e-01
9.514089733658414039e-01
9.527923428769023984e-01
9.512227663522800913e-01
9.521467125692689715e-01
9.513548634946588090e-01
9.517502305402424367e-01
9.491003676329531347e-01
9.518890808765527733e-01
9.517609215647221399e-01
9.535955896536574272e-01
9.516104341609039619e-01
9.522487433951508651e-01
9.510646181201364291e-01
9.536159394718778382e-01
9.507954496100232689e-01
9.508558405149654114e-01
9.521773713451507914e-01
9.535050039658408139e-01
9.562094011511400593e-01
9.539235461128159344e-01
9.527966014454224419e-01
9.505089129673751636e-01
9.478456024129819912e-01
9.499063178873470292e-01
9.519256932276308758e-01
9.528646069224039339e-01
9.526661972396983646e-01
9.527174606391539680e-01
9.491658982039300474e-01
9.481714508390204355e-01
9.490988815603267348e-01
9.510720827729075566e-01
9.520982264171230502e-01
9.503554998062957448e-01
9.497599750512020211e-01
9.537763657234695769e-01
9.494825535130517746e-01
9.490616643308906752e-01
9.514267367946863674e-01
9.511338535618426571e-01
9.496980729270907418e-01
9.526077705642036486e-01
9.497389677133663000e-01
9.500953754099074056e-01
9.520417788698549710e-01
9.508162309382266475e-01
9.512625643441301460e-01
9.512230741746382501e-01
9.511059325345313509e-01
9.524165365890495671e-01
9.496317070014476114e-01
9.544265051109493969e-01
9.524030644744522212e-01
9.493377992099716334e-01
9.496979196558831271e-01
9.514681129660124137e-01
9.498574159407308093e-01
9.541727482834381213e-01
9.506819925448384279e-01
9.543171349001432491e-01
9.521180000234520380e-01
9.508132598710337113e-01
9.513389215317630265e-01
9.495351086424556053e-01
9.520374068238692811e-01
9.509614522707929840e-01
9.524965494580431846e-01
9.550057426227516189e-01
9.511096385966978373e-01
9.493790697761230746e-01
9.536143683970319529e-01
9.509956308625763244e-01
9.516237499650028742e-01
9.537599748940335243e-01
9.501332515495917175e-01
9.488977803851862403e-01
9.533276119219851186e-01
9.521612256312570466e-01
9.501495365546743788e-01
9.520760854534185968e-01
9.505030934486887739e-01
9.535473661565251335e-01
9.551824221274367588e-01
9.499459492496499236e-01
9.522244704214349875e-01
9.493624811464131952e-01
9.542332096813358477e-01
9.516249647415293555e-01
9.547734397529049621e-01
9.499062672144085173e-01
9.507842393015875082e-01
9.528675857195406662e-01
9.486101115977341180e-01
9.522888975217520535e-01
9.535067468929020462e-01
9.498324903432817656e-01
9.495778941889160274e-01
9.532505856544400968e-01
9.503728290382863486e-01
9.524816459222882337e-01
9.527491480792521505e-01
9.527452143870250856e-01
9.516744012096680638e-01
9.524788251417853902e-01
9.529904231633795630e-01
9.513787106803028859e-01
9.525348661232716507e-01
9.500072679663236208e-01
9.512667592312669118e-01
9.525193175402050239e-01
9.504027607175813408e-01
9.474581085618705156e-01
9.524236954902842722e-01
9.523591457610769417e-01
9.513965569519666765e-01
9.518720414555438269e-01
9.547606496054741321e-01
9.522056373638283500e-01
9.539342172903745309e-01
9.491829010672903078e-01
9.525781517952457422e-01
9.520963925774023062e-01
9.478290895124551474e-01
9.518532813774388535e-01
9.518202120299406044e-01
9.550661163579272639e-01
9.531848865637158053e-01
9.532153662433876518e-01
9.516032514057398695e-01
9.499160868881389996e-01
9.497473864287109269e-01
9.537012955183552521e-01
9.493030356629795774e-01
9.522958374257869396e-01
9.537459459263719630e-01
9.496348570400771072e-01
9.517508502033336093e-01
9.536973147708068810e-01
9.528927058040341791e-01
9.515099362825431006e-01
9.511578285103279295e-01
9.519485676146031139e-01
9.504164579732878870e-01
9.508362487187164147e-01
9.533094266888609836e-01
9.522220318201005673e-01
9.524965860841222431e-01
9.528131614159410789e-01
9.545098696612374090e-01
9.507804955469068009e-01
9.522318336007261630e-01
9.478226208036805156e-01
9.513733040930227869e-01
9.532951680757895119e-01
9.535908537150383779e-01
9.525949628012342352e-01
9.524479089703089540e-01
9.514265911746221382e-01
9.517692366372241253e-01
9.479168436836048484e-01
9.526139244188767119e-01
9.512898609525182181e-01
9.537753614333479568e-01
9.515415834271981899e-01
9.518890601003104912e-01
9.521076914243489231e-01
9.520562697999307433e-01
9.503796364726602164e-01
9.489219279904862470e-01
9.521100609074396592e-01
9.529766360218497878e-01
9.526554063945575912e-01
9.531735302964265966e-01
9.493735339598164957e-01
9.492557004351076522e-01
9.517828361158238160e-01
9.500250828324430241e-01
9.534747690970892808e-01
9.517182744612198153e-01
9.540533802666092411e-01
9.489377182255480658e-01
9.528944156125267462e-01
