6.850933920492572327e-01
9.030003145889512473e-01
9.059242445897618401e-01
9.123480908320292793e-01
9.139639623622229925e-01
9.189371017964058641e-01
9.223504146641272605e-01
9.249842432823480731e-01
9.245570980342626699e-01
9.247710093602736769e-01
9.208070758732181949e-01
9.247087320919537001e-01
9.250648968374377557e-01
9.213323004983754450e-01
9.223373407147941183e-01
9.214705857730254301e-01
9.251206526787082440e-01
9.231354150833314121e-01
9.285268672859577910e-01
9.285955595632118253e-01
9.271703664456883986e-01
9.270334319805135781e-01
9.277317729605374375e-01
9.282866060055271484e-01
9.280863284071464436e-01
9.277725971106157710e-01
9.274832698222511551e-01
9.260664354550710575e-01
9.328995060387947902e-01
9.271613680202648311e-01
9.258593828727144093e-01
9.317424125361386533e-01
9.255794238008461239e-01
9.294449583870731946e-01
9.299680948490606225e-01
9.311514059864880455e-01
9.309866781864516438e-01
9.313709125974611869e-01
9.308610992617446511e-01
9.307237224561053512e-01
9.273945282164842707e-01
9.295167060452249608e-01
9.292502623679277374e-01
9.257951986158238222e-01
9.299634606203440734e-01
9.275655379294425185e-01
9.297521739060122803e-01
9.276239416743454758e-01
9.301990518315069734e-01
9.313620617910033372e-01
9.291226985251136439e-01
9.304952366410437214e-01
9.283501643349345578e-01
9.297678622325505904e-01
9.271630876957472900e-01
9.296979476174590529e-01
9.287976644064825926e-01
9.313616519145501149e-01
9.340863315521971133e-01
9.316736602493059793e-01
9.305089118050902108e-01
9.316761679078916503e-01
9.312263166747101195e-01
9.336601551050089931e-01
9.321556213914786726e-01
9.290239046266860479e-01
9.290835943073972869e-01
9.314416647082163214e-01
9.308485764851273103e-01
9.356392184217892094e-01
9.335139057450785316e-01
9.284730188796752604e-01
9.333747183779134149e-01
9.337154065775656875e-01
9.318796972379234100e-01
9.320456988270796606e-01
9.306006820755057252e-01
9.348863562313911579e-01
9.335812283282794999e-01
9.334592398498982035e-01
9.320013624133288710e-01
9.334832158399573032e-01
9.368097905734344977e-01
9.344510381863047055e-01
9.348423700312757934e-01
9.360160989041624857e-01
9.358132860114817264e-01
9.331103149990401802e-01
9.353408871861031981e-01
9.332183172633653490e-01
9.332107969131637759e-01
9.340619349270368188e-01
9.314701635200844931e-01
9.369566751270270721e-01
9.368635899566304381e-01
9.329829967668302748e-01
9.361893124081180906e-01
9.356484780473393048e-01
9.323025602136891798e-01
9.336691963420120643e-01
9.321595229261220306e-01
9.336712481297487765e-01
9.301928295515177192e-01
9.344000850503524358e-01
9.304542118210419321e-01
9.345709806349330462e-01
9.340322738576714023e-01
9.358443004478872451e-01
9.326304284821282931e-01
9.351544246748412226e-01
9.322527819939677718e-01
9.337477404033813766e-01
9.337057227136135173e-01
9.362597069496139124e-01
9.334071311264195980e-01
9.365622984912452820e-01
9.335154676760352155e-01
9.357920386706436444e-01
9.369155731789996500e-01
9.343051032560569791e-01
9.366960433561887234e-01
9.357122382589789789e-01
9.355830552220896212e-01
9.365327701598178400e-01
9.358658208308380244e-01
9.366096911518885237e-01
9.368053039373807067e-01
9.375329333046295011e-01
9.351230878310985428e-01
9.378724685143116080e-01
9.389729947019576084e-01
9.357044821609885599e-01
9.372356179916421226e-01
9.361455113393529759e-01
9.331618531373176983e-01
9.362593574857765999e-01
9.361474808623636568e-01
9.374386625030567410e-01
9.365973479788701761e-01
9.386089643526028814e-01
9.369914823085125910e-01
9.377789589761317268e-01
9.377128371869628554e-01
9.393448475498749062e-01
9.367597150729467526e-01
9.346625262304589787e-01
9.357397287876983993e-01
9.364533757918560575e-01
9.366429446184980634e-01
9.410181200392528922e-01
9.353156583864996598e-01
9.355190747169460641e-01
9.374068031989879479e-01
9.381570276756819871e-01
9.365935872844443066e-01
9.383087792951455564e-01
9.356475805900551501e-01
9.358469150967506645e-01
9.371447783662787412e-01
9.329937284787405138e-01
9.401080578334651827e-01
9.387983961718197046e-01
9.361141692640473355e-01
9.376303528796290365e-01
9.386441964120290082e-01
9.340457729731472813e-01
9.365447623154071755e-01
9.345549882916083240e-01
9.369310910906510914e-01
9.378793635982455301e-01
9.390072481382858438e-01
9.395665482521671219e-01
9.401705205842890711e-01
9.380822757168617576e-01
9.378337952215821671e-01
9.356063354706044555e-01
9.371452164894715775e-01
9.385884664109571673e-01
9.403690165728156858e-01
9.420703929911797836e-01
9.382606016055733411e-01
9.367411538542356197e-01
9.435406799627106267e-01
9.375633990808395213e-01
9.386444741425091776e-01
9.400848927964692292e-01
9.386189631896248997e-01
9.389256728456407686e-01
9.411154362752348623e-01
9.383946997627030662e-01
9.376106777276528303e-01
9.402128673245955248e-01
9.393389490319523638e-01
9.385171243471713831e-01
9.398473281449278849e-01
9.411726692677376827e-01
9.432179874858869217e-01
9.422085359165679463e-01
9.373536380923302991e-01
9.426164500900322540e-01
9.375036600618182892e-01
9.409079097433761252e-01
9.419728975174647134e-01
9.398905353761491943e-01
9.402499054483548502e-01
9.359802747429545322e-01
9.368330510823165147e-01
9.392829783125228316e-01
9.374589538057506166e-01
9.393592802622988680e-01
9.379441101738765774e-01
9.405515488011589875e-01
9.399861526795310063e-01
9.396883993538234225e-01
9.401715445386207293e-01
9.400156967043531431e-01
9.441785021787836296e-01
9.427253124886073588e-01
9.427921429555153887e-01
9.386307595815239768e-01
9.424579322975469298e-01
9.400122046922827490e-01
9.412487635688209231e-01
9.426077629209337339e-01
9.395449680120957492e-01
9.409486473786586869e-01
9.403156301597561662e-01
9.420072486458693772e-01
9.439500433738758911e-01
9.416373653661687104e-01
9.399986346009175930e-01
9.420398898108903740e-01
9.410811745909712922e-01
9.409319217824825277e-01
9.410016980014175303e-01
9.441340116103975610e-01
9.384457302014916902e-01
9.452312073649726809e-01
9.420175611486074629e-01
9.415997271287943615e-01
9.416356423259836239e-01
9.389461348537818663e-01
9.424982548324505327e-01
9.441903054564682041e-01
9.412429267179049930e-01
9.413079251741999220e-01
9.450297066646811128e-01
9.446882401259762974e-01
9.419139811714700716e-01
9.413376820096254205e-01
9.444140302741251825e-01
9.445338162045988639e-01
9.453050871299262248e-01
9.443362606807683690e-01
9.423243305031734351e-01
9.446961588775620866e-01
9.427127902723676511e-01
9.413151407207236421e-01
9.436290109428958628e-01
9.427329164187822075e-01
9.412624893838892337e-01
9.391504481676928862e-01
9.451889352691024149e-01
9.417960131761039522e-01
9.406493707617971101e-01
9.418662464267677503e-01
9.467308413805493039e-01
9.462007579781467337e-01
9.429499378599093262e-01
9.452525883259170758e-01
9.452872238749088218e-01
9.449068803521548654e-01
9.412144059640896732e-01
9.414664309894106298e-01
9.482961071619676607e-01
9.457252424706970029e-01
9.410879809077905556e-01
9.432336058996372286e-01
9.417607726300945004e-01
9.445693059836979266e-01
9.439443951312714853e-01
9.447557526919548865e-01
9.465704263816926423e-01
9.455665766452542309e-01
9.416939534056932848e-01
9.421910653466697427e-01
9.432859566302650434e-01
9.464208093802456423e-01
9.426260728548349066e-01
9.420910764370984403e-01
9.440339487901575621e-01
9.416171963354765806e-01
9.427364980076489154e-01
9.442333147184728270e-01
9.455810541534813707e-01
9.460540030223902885e-01
9.415737933985690589e-01
9.445116703266388525e-01
9.448688308424264548e-01
9.459597190074890971e-01
9.417467929620570999e-01
9.458796849616405433e-01
9.458977520026601304e-01
9.399736745407838434e-01
9.451028385403346110e-01
9.415388920793890115e-01
9.445427619002386699e-01
9.460745519993967179e-01
9.449811750096428487e-01
9.447680663181112770e-01
9.442275568797642293e-01
9.479732143384431708e-01
9.458477415550015088e-01
9.471377246994046040e-01
9.442420788539694909e-01
9.492943263739530568e-01
9.438106520514401021e-01
9.452057795349101399e-01
9.451096422776578132e-01
9.447226298671764777e-01
9.484768153910813071e-01
9.474841374572162689e-01
9.470336575904201304e-01
9.491997698603946709e-01
9.453989462550029810e-01
9.458418491913010984e-01
9.456834129638821418e-01
9.490528508013491571e-01
9.496826970417531211e-01
9.412144151287445970e-01
9.466147273399900808e-01
9.499328688194910164e-01
9.487431760039954920e-01
9.446538421319623513e-01
9.459206296485517251e-01
9.494659162949369291e-01
9.475512612790735201e-01
9.472849084014434151e-01
9.447731595103101565e-01
9.460189627876665064e-01
9.469156407113722418e-01
9.469604985359431071e-01
9.483202889579717132e-01
9.460113024557667005e-01
9.478166616685170798e-01
9.447555439294766932e-01
9.456790654210605052e-01
9.465155608181859970e-01
9.499354569513286384e-01
9.438908070447986631e-01
9.460470199753037157e-01
9.475273893648784584e-01
9.464813166593345484e-01
9.457888251801365165e-01
9.430068660189272478e-01
9.451611727087894099e-01
9.459376151787483034e-01
9.462371864673715383e-01
9.460754577873971005e-01
9.446638220674867803e-01
9.483067956996172887e-01
9.475078217839902894e-01
9.457564383071827008e-01
9.473360280132029354e-01
9.458943936871456737e-01
9.469861841018542004e-01
9.491187015538876670e-01
9.455585400496523407e-01
9.463312192019580626e-01
9.451139356672638714e-01
9.465379338901175332e-01
9.490710671549770217e-01
9.504603327348422059e-01
9.478299959506110151e-01
9.455733559833973123e-01
9.508558316468784799e-01
9.473775681978380270e-01
9.480615036965498454e-01
9.446613028393993083e-01
9.471336376269985369e-01
9.513063273029502831e-01
9.430880000548622633e-01
9.490550276038498545e-01
9.457996233886579729e-01
9.473533296487476330e-01
9.486267953970053401e-01
9.503218353155127307e-01
9.494419995920801991e-01
9.495967590814292647e-01
9.476077082772792481e-01
9.457345837159035762e-01
9.510611070535786027e-01
9.485028833884087129e-01
9.477481045246256564e-01
9.454238939656444130e-01
9.491107887462856274e-01
9.499273908478693684e-01
9.471861987720403553e-01
9.484210250421004629e-01
9.466748779551625859e-01
9.481045504447874750e-01
9.498645048200877739e-01
9.503019127543094191e-01
9.467802423195371686e-01
9.505783673779403253e-01
9.452336818449855738e-01
9.502329143050990412e-01
9.498402632710720717e-01
9.475871201939487509e-01
9.484311229328231674e-01
9.509848324656862140e-01
9.497253392627624802e-01
9.451963764421105196e-01
9.471680685376392406e-01
9.480875518167040106e-01
9.502340116889715915e-01
9.490822249999164573e-01
9.486463727361725828e-01
9.482498196086982523e-01
9.510033013838967708e-01
9.519474865454801149e-01
9.457986782908873735e-01
9.499474008559517513e-01
9.511255903878645945e-01
9.483742944644338868e-01
9.476185365006420946e-01
9.460649930360413018e-01
9.471487973714003417e-01
9.475556931994414400e-01
9.481303324069899618e-01
9.491345073961822143e-01
9.511449311525332906e-01
9.492773525880161545e-01
9.474745201628145264e-01
9.469721903538090846e-01
9.504269758739266605e-01
9.493765227542901863e-01
9.439826176509225064e-01
9.480356046467259823e-01
9.519257769723477036e-01
9.492653663823913401e-01
9.501358502432840636e-01
9.511611317538113397e-01
9.489514690958025245e-01
9.457454847298701894e-01
9.517917840284851883e-01
9.471863729675401578e-01
9.489588343005435078e-01
9.486285535323030205e-01
9.497336237428118944e-01
9.483808751433253637e-01
9.488698286279956262e-01
9.501501854595371110e-01
9.480736063495384114e-01
9.497369525867471740e-01
9.490414925644630184e-01
9.490653152150722027e-01
9.517444342096400556e-01
9.503170783077327100e-01
9.484818826117679125e-01
9.495563870921785998e-01
9.513623929399173118e-01
9.536429682473133163e-01
9.504936414333139405e-01
9.504912076274072419e-01
9.501254588871629325e-01
9.502705249245689823e-01
9.484128713940844779e-01
9.506912433508383220e-01
9.489815502791429935e-01
9.466788201336100439e-01
9.473851338626722018e-01
9.495839147287841175e-01
9.462899362959803495e-01
9.503470587093652000e-01
9.502251231499342365e-01
9.520747727117238046e-01
9.531410268796376428e-01
9.540578849474061762e-01
9.492123644850881670e-01
9.474208113573295842e-01
9.489987141670103155e-01
9.486341515756937515e-01
9.503113257692690219e-01
9.482579788051432867e-01
9.503240951083110621e-01
9.495768781297517780e-01
9.527596435648182371e-01
9.504663765483526428e-01
9.532473273060487751e-01
9.495280074615914945e-01
9.472796344431356763e-01
9.510414423875120926e-01
9.484412364890938418e-01
9.494587712209286989e-01
9.515461773996737316e-01
9.494381709673338499e-01
9.490125350271721993e-01
9.512246572588105575e-01
9.510000011631269956e-01
9.492232093078448729e-01
9.475436170292572680e-01
9.509920668037398217e-01
9.548975548917496559e-01
9.522035529636970752e-01
9.494675519742753478e-01
9.496536476361464585e-01
9.489844539491700814e-01
9.501997125052924487e-01
9.498275155710347306e-01
9.488237386341403790e-01
9.493562240691328924e-01
9.517944705890601931e-01
9.500614864207307386e-01
9.480930708259137640e-01
9.470080082414681355e-01
9.504486319855192100e-01
9.495036920920475465e-01
9.494958137790540098e-01
9.505333170656318220e-01
9.472123853880479727e-01
9.525843308693131561e-01
9.527043275408739742e-01
9.495262550919048028e-01
9.515343342858292308e-01
9.507541559679363319e-01
9.497536678712090730e-01
9.508978307039963607e-01
9.508215138022330093e-01
9.513108372343469510e-01
9.513966295420783759e-01
9.500302870032641955e-01
9.529878420952798690e-01
9.514391201142564647e-01
9.470929441024854567e-01
9.537208482079992944e-01
9.480726656353677395e-01
9.536376920530307277e-01
9.518300224612388227e-01
9.493025896438173072e-01
9.498381504582735779e-01
9.513337825428167527e-01
9.487940119543545325e-01
9.513146587928318354e-01
9.528530526193008665e-01
9.484912276516426211e-01
9.500113081453001040e-01
9.501371869032436690e-01
9.494465648704035754e-01
9.528641062002670692e-01
9.507684549854802381e-01
9.526388226823561123e-01
9.498285036108258250e-01
9.476778220437596101e-01
9.494878563279073314e-01
9.483428266197954093e-01
9.496240220434651880e-01
9.509483940084247910e-01
9.520800455973856824e-01
9.535424296583598913e-01
9.507396477942088309e-01
9.514713447808679225e-01
9.498980590301249194e-01
9.473959042369290984e-01
9.496672229128682030e-01
9.474534098961052697e-01
9.519248234250906604e-01
9.508608499597475117e-01
9.488990623629937060e-01
9.509110227298434026e-01
9.492958994930891237e-01
9.518446936381993462e-01
9.496797370068059685e-01
9.525847175892167007e-01
9.498742309257549588e-01
9.515895812864003656e-01
9.504854078477267265e-01
9.506219779704188078e-01
9.514456431627503763e-01
9.498910063465461073e-01
9.480443734683974277e-01
9.531445983533930466e-01
9.503457004820291543e-01
9.503266453650560663e-01
9.487782607361096021e-01
9.536803538503756394e-01
9.489471473118932243e-01
9.510402828136577114e-01
9.489449263632726561e-01
9.523532118878221819e-01
9.513510696899735164e-01
9.515968720815082271e-01
9.504880707549931973e-01
9.491532084748528497e-01
9.509639712699371472e-01
9.477997464944722950e-01
9.532721697011412587e-01
9.530278673297949421e-01
9.556731304759653600e-01
9.512321561739908171e-01
9.491122343781529525e-01
9.505948916323727627e-01
9.493612110209203037e-01
9.529232689469179229e-01
9.491361900041545008e-01
9.500845084950095831e-01
9.502519671301462578e-01
9.482966531146516109e-01
9.504662102262675383e-01
9.501399174289902883e-01
9.480873757224973497e-01
9.519251811399255248e-01
9.471519292120393896e-01
9.506757870873140392e-01
9.473355712746021062e-01
9.488386723749109297e-01
9.489759307421624657e-01
9.501437410432234110e-01
9.505583377229773756e-01
9.500852271431733387e-01
9.494164643775052648e-01
9.494973115579583567e-01
9.500316040467813306e-01
9.479416665527777841e-01
9.475174577460810932e-01
9.515620127335404632e-01
9.525707968332431941e-01
9.489201089919276910e-01
9.511030169383634103e-01
9.530468269432014194e-01
9.510569362522625081e-01
9.502477528259744011e-01
9.489078390225189619e-01
9.511209967935676524e-01
9.511829649980508838e-01
9.479740828905489636e-01
9.494291641468051157e-01
9.521767466553285875e-01
9.497844325259880982e-01
9.503369695973165054e-01
9.533104891366703804e-01
9.507177452766472081e-01
9.506317886837583053e-01
9.521752370760825368e-01
9.530626537880196869e-01
9.506902959620974203e-01
9.524326010915925567e-01
9.493052802785654221e-01
9.513341144101528091e-01
9.512455310575888001e-01
9.514837351678041566e-01
9.504517050663162658e-01
9.483885812334102994e-01
9.495663913230447672e-01
9.493256373408205384e-01
9.495300286712987647e-01
9.526920106957210699e-01
9.495003449454145761e-01
9.504852123762919103e-01
9.525146225983579518e-01
9.525588321631388578e-01
9.491777802260054075e-01
9.490806120407554447e-01
9.505861496996463877e-01
9.519597544464480920e-01
9.495490225258638173e-01
9.541561288171904742e-01
9.506669680279901113e-01
9.485003991651714816e-01
9.527672106835214372e-01
9.536048519123894174e-01
9.543536676233052019e-01
9.515510649615636085e-01
9.525057468266596716e-01
9.503655676180865486e-01
9.515999573956215318e-01
9.517588915608018452e-01
9.522333889107923444e-01
9.514670867690886435e-01
9.531918522029750873e-01
9.524544144040705262e-01
9.530461069240320215e-01
9.505226135238700191e-01
9.536238257215434722e-01
9.526272705733660473e-01
9.501152300706064979e-01
9.487771681060105378e-01
9.540069773472138470e-01
9.501698230611215212e-01
9.493493992202640674e-01
9.520298372255689978e-01
9.517429287768444102e-01
9.500649466135058230e-01
9.505865722505084658e-01
9.491967937982301873e-01
9.543762842837959504e-01
9.524415587983499076e-01
9.524295298104021867e-01
9.539594880657529252e-01
9.502720336326413442e-01
9.529461224012815146e-01
9.504686401100861382e-01
9.495900196737443455e-01
9.489208597950443691e-01
9.496851137161669287e-01
9.513595112673048915e-01
9.513838011844897302e-01
9.507559365042793642e-01
9.500567189125311840e-01
9.497958903579729606e-01
9.506966355303630989e-01
9.508943046195403870e-01
9.520504491215333598e-01
9.511189747544888107e-01
9.513714420129985028e-01
9.483451903196687960e-01
9.535304485095016380e-01
9.500899040635063519e-01
9.513929546942673232e-01
9.526116544975989919e-01
9.522240138600391868e-01
9.500307036310650100e-01
9.488730383537981039e-01
9.485584737855217163e-01
9.519140259410361349e-01
9.534291567388558652e-01
9.487760324889606967e-01
9.505298727456834573e-01
9.519824188060898029e-01
9.525463311069659600e-01
9.491134157487047807e-01
9.535751281761037923e-01
9.489014002925098001e-01
9.504238210004579690e-01
9.477237811500279774e-01
9.509909699135404848e-01
9.533312088554797281e-01
9.487564889452335670e-01
9.532838943139386734e-01
9.494000383690672784e-01
9.517866343478352809e-01
9.521293267412508365e-01
9.491860387572365054e-01
9.521226731401211119e-01
9.473146993227683499e-01
9.527768152893755227e-01
9.507417544247525054e-01
9.528087620385464751e-01
9.498942209005259985e-01
9.479504627980971376e-01
9.508608047682970410e-01
9.515928253420121719e-01
9.506512902781923957e-01
9.494527873357876402e-01
9.500682602612464667e-01
9.498795932935293340e-01
9.503522894514729868e-01
9.520549338171957476e-01
9.518006986228404465e-01
9.474801580112243160e-01
9.522236206540488634e-01
9.503520171163079011e-01
9.505922333924869960e-01
9.542505141050529049e-01
9.531920586041473520e-01
9.501701271646946223e-01
9.528156341728782897e-01
9.511530147827831350e-01
9.509667027276487161e-01
9.526483130576882674e-01
9.509622876906203004e-01
9.490549927245434114e-01
9.512299008832602043e-01
9.521042567417685731e-01
9.493252566842652618e-01
9.508411266866838574e-01
9.530045115450515025e-01
9.505175385984759862e-01
9.520414044317566660e-01
9.518099262968305885e-01
9.526246862441531960e-01
9.513669963639704852e-01
9.521485888889440474e-01
9.496245807124277238e-01
9.512313907578497929e-01
9.503856639212415747e-01
9.522157932520516344e-01
9.540389940420958004e-01
9.543743887463769227e-01
9.505092132218144751e-01
9.557320723981428401e-01
9.521635257913850792e-01
9.478904186042842461e-01
9.527069473358973362e-01
9.495488178178367322e-01
9.528215751966339075e-01
9.523618955728727631e-01
9.521917617496072905e-01
9.530161256590375940e-01
9.506375278676166829e-01
9.504216125832180007e-01
9.515804014968129998e-01
9.503495795493350773e-01
9.529631736104353656e-01
9.469039758734063561e-01
9.527795700068137918e-01
9.518273337943451429e-01
9.528533086599093593e-01
9.509530577664401241e-01
9.533549383395910626e-01
9.488719797666175237e-01
9.529128800521120546e-01
9.509941443948850548e-01
9.516410568250207591e-01
9.541589258121895289e-01
9.535662029673054318e-01
9.525117478737948895e-01
9.518706348490482139e-01
9.512007315531938456e-01
9.528991168635482234e-01
9.512180191175010346e-01
9.518356148046530629e-01
9.511094190812140470e-01
9.514972795277040207e-01
9.486638801118073561e-01
9.516872195634478171e-01
9.512098364455100485e-01
9.530433375045448408e-01
9.507689231516269768e-01
9.513710930117016407e-01
9.501831671272217283e-01
9.528395479769923293e-01
9.499593889832430582e-01
9.497047080423617338e-01
9.514401132488914392e-01
9.534805587294882256e-01
9.553916772696962045e-01
9.536568516347230240e-01
9.523346956096166993e-01
9.503468386966219539e-01
9.476584835838958165e-01
9.496941894583275090e-01
9.515479206660217848e-01
9.526620798773102194e-01
9.525919627659779065e-01
9.524881297636760280e-01
9.489674463967242568e-01
9.481978751306744391e-01
9.488136375263240829e-01
9.505457599739483010e-01
9.514235085967175376e-01
9.499643170097112899e-01
9.495227457757792200e-01
9.529297940391402433e-01
9.492224638708552931e-01
9.485508278525063286e-01
9.509442249660631230e-01
9.508773658866371825e-01
9.488570244895970784e-01
9.525315954187077994e-01
9.492505933305921406e-01
9.495529505278966775e-01
9.517266029460916821e-01
9.505101953283001670e-01
9.504974861582139445e-01
9.507456152990457765e-01
9.507949452841825133e-01
9.522037458192036397e-01
9.493786564078251500e-01
9.541248544735476678e-01
9.522354207299731366e-01
9.490785966149064556e-01
9.495937826558401573e-01
9.512915216864191725e-01
9.497092370501075687e-01
9.538751665869139584e-01
9.505896919374430265e-01
9.542621712350474183e-01
9.520434187375952373e-01
9.508581041865604710e-01
9.515517996184470473e-01
9.494652848768445619e-01
9.517356837445146711e-01
9.510424234392422793e-01
9.519046641903803341e-01
9.548042633491634623e-01
9.505516976325387724e-01
9.491297681013092236e-01
9.532512697118228351e-01
9.504988986423741348e-01
9.511343803743439462e-01
9.525997788855699033e-01
9.494850874744827918e-01
9.481932500714334022e-01
9.529378646819373078e-01
9.520296450361918073e-01
9.498434882583167704e-01
9.520802617912753618e-01
9.499410052941339444e-01
9.532217828287894434e-01
9.551781519584229274e-01
9.497361276052020962e-01
9.520371090219992283e-01
9.489036372117528595e-01
9.540701422931920916e-01
9.512902595193613031e-01
9.541571186823996076e-01
9.493179308421358931e-01
9.504962368366914882e-01
9.527966326028667332e-01
9.487939651020611542e-01
9.520256004872221789e-01
9.534188967456050934e-01
9.498363323291212357e-01
9.494641177819351796e-01
9.532015008943350853e-01
9.504323980546055539e-01
9.520478903818426764e-01
9.524114168618660337e-01
9.525525067944544677e-01
9.517965846014940778e-01
9.525486469751034413e-01
9.529689130842157185e-01
9.511380722615809802e-01
9.520477897893042663e-01
9.498940438938615616e-01
9.510372375535529610e-01
9.524615006214907087e-01
9.502783843129606334e-01
9.472172353462920968e-01
9.513953418772073123e-01
9.516846507604782568e-01
9.509984171146621534e-01
9.509913119526752778e-01
9.541617459288668224e-01
9.511338115613456878e-01
9.533815142492633177e-01
9.486237821745553411e-01
9.524818865715933836e-01
9.510834211986907150e-01
9.475665757066827899e-01
9.513208931884381547e-01
9.511525157707169109e-01
9.545878880918928777e-01
9.528469412715363518e-01
9.529965154766896207e-01
9.513913444046779855e-01
9.498008181479904444e-01
9.495803361179256941e-01
9.535469328520582710e-01
9.490285272322452892e-01
9.518859732983889765e-01
9.537212213600961830e-01
9.496156616128261785e-01
9.516593241348869636e-01
9.535254849059953131e-01
9.527062339587545337e-01
9.513708492648453863e-01
9.510663512213274329e-01
9.521001181257475743e-01
9.506998676766118539e-01
9.507634225166179398e-01
9.535908461853893625e-01
9.523832369579683377e-01
9.523439126200792249e-01
9.532057768899205863e-01
9.541932538691526577e-01
9.507034783586905125e-01
9.520383794095621521e-01
9.476693658664052666e-01
9.517141882864295077e-01
9.540484594952145514e-01
9.537892499003649549e-01
9.527957738374333019e-01
9.523179928443697984e-01
9.513925904905446984e-01
9.517352902859307351e-01
9.481008226495956093e-01
9.525823691837820295e-01
9.511934970662287991e-01
9.537806197565095179e-01
9.515190053159390260e-01
9.517549538908848250e-01
9.518690799788628309e-01
9.518973941400670213e-01
9.499816941141345783e-01
9.487307792098561565e-01
9.518328919121635812e-01
9.527775131107387718e-01
9.523131482082664023e-01
9.531120660661762667e-01
9.489962297702744243e-01
9.491050924826509583e-01
9.516614267397757176e-01
9.498622762814848963e-01
9.533302127513807456e-01
9.516383936869482474e-01
9.539624189847921709e-01
9.490547525513085558e-01
9.531145022727056659e-01
