6.032053368465004617e-01
6.452321675084590202e-01
7.252542757478616098e-01
8.291569744566199551e-01
8.548083478336175878e-01
8.791979231119178007e-01
8.936387308012049280e-01
8.967397201220526082e-01
9.017331046576660958e-01
8.983056930993802425e-01
8.942904718568039923e-01
8.974934371550720158e-01
8.966861967107063736e-01
8.978177357050201035e-01
9.015350459103390612e-01
9.019943480188968854e-01
9.066031009611766889e-01
9.050049628029517290e-01
9.087293874086687095e-01
9.116814795957289830e-01
9.119706446412443324e-01
9.163507891493551938e-01
9.149088197166106440e-01
9.164507442162166395e-01
9.173458679788043524e-01
9.190288819659450104e-01
9.157660741866956444e-01
9.170802421167791874e-01
9.260837507912603739e-01
9.178770456252878240e-01
9.188149449575966354e-01
9.225567087635890839e-01
9.186264382759981029e-01
9.250999518655449450e-01
9.239353508426285666e-01
9.286597073228914923e-01
9.272160401706165400e-01
9.309295122068331763e-01
9.329315552839219094e-01
9.324660048831472370e-01
9.283513188184477904e-01
9.346768877609649140e-01
9.330119167053871898e-01
9.310956442451058246e-01
9.339639288243191118e-01
9.309508683999396794e-01
9.308592165465537915e-01
9.306231834884628462e-01
9.350477685268180350e-01
9.346928429018571682e-01
9.328092313339578778e-01
9.326528936113352986e-01
9.319729562195189221e-01
9.322620558966061566e-01
9.316463297424513179e-01
9.354276232075822151e-01
9.325755966918291007e-01
9.342285290538276943e-01
9.388914778711631159e-01
9.336021410132632203e-01
9.339336007294355424e-01
9.319870417210760483e-01
9.345435476170902422e-01
9.380227649792928224e-01
9.362025323739125993e-01
9.322408545574646377e-01
9.333323166736761101e-01
9.344786155620192769e-01
9.344331493872097827e-01
9.399816957169974119e-01
9.398619283219147302e-01
9.369000279286607835e-01
9.391488642382540553e-01
9.376906800585148583e-01
9.396207203866222546e-01
9.409910287397708073e-01
9.375151286232153991e-01
9.412466041715754628e-01
9.402632833112576360e-01
9.390751916179859160e-01
9.400703431545404110e-01
9.402126660151036708e-01
9.458381268033503320e-01
9.418407911375632491e-01
9.417129985558094774e-01
9.445453209461635025e-01
9.420490830700506413e-01
9.437312515037458160e-01
9.453833056773701671e-01
9.405542245690571290e-01
9.418575965591444721e-01
9.428898137399032153e-01
9.428026695362736742e-01
9.426116398090620407e-01
9.462458797594953674e-01
9.425480284207821136e-01
9.455063832262633472e-01
9.461747090533914051e-01
9.440067284140833959e-01
9.452388639644746515e-01
9.468872720956584832e-01
9.462770070007572309e-01
9.451450490965097595e-01
9.436030436052160741e-01
9.459465832873017455e-01
9.466908013481432072e-01
9.442925015358807350e-01
9.482623811969745908e-01
9.440365208797214525e-01
9.477338137302628862e-01
9.446055569087767889e-01
9.455579467167636309e-01
9.437805285039961856e-01
9.466995977319263567e-01
9.459768102605864426e-01
9.469987143270848229e-01
9.461574081839779771e-01
9.496119719098583545e-01
9.494939332425993417e-01
9.483537974451979879e-01
9.497888324433779728e-01
9.493346132216579081e-01
9.488705655214445533e-01
9.497411883133332067e-01
9.486126862112822522e-01
9.512329443073767044e-01
9.493711265068371929e-01
9.466561543132326895e-01
9.459325163442354745e-01
9.503046687496549128e-01
9.496687474052825095e-01
9.469358272762914419e-01
9.499672744348889308e-01
9.475809928752741973e-01
9.449375563642108400e-01
9.494818294997332542e-01
9.484033451408792059e-01
9.483585909277555404e-01
9.480039831542906859e-01
9.503637379244739281e-01
9.499255032555268263e-01
9.492628756100789378e-01
9.506777790720583043e-01
9.508680035420784549e-01
9.488883675962053177e-01
9.500127050181030874e-01
9.472786410295033210e-01
9.483071513096232863e-01
9.481461781930268229e-01
9.522278063517044533e-01
9.493316239753059049e-01
9.476248908493563050e-01
9.488084353779395741e-01
9.491547141319855996e-01
9.499182122977802845e-01
9.514650205190773313e-01
9.470254954009629245e-01
9.492298063302533340e-01
9.491894316882704130e-01
9.471692546514597355e-01
9.490943577734756165e-01
9.484357443409751065e-01
9.477076970936956224e-01
9.493355796535056790e-01
9.492368760512200909e-01
9.464680284950173217e-01
9.491298747266232461e-01
9.484539185716542864e-01
9.499662391267246209e-01
9.509405261580737845e-01
9.522974968124060524e-01
9.499441524287074445e-01
9.529633441569910213e-01
9.494450282370971994e-01
9.493566477363823974e-01
9.471200014521800048e-01
9.491082832755697307e-01
9.503114590197658806e-01
9.520064086035179285e-01
9.514013736073502203e-01
9.510161247187954858e-01
9.500122292292275672e-01
9.534585230147333279e-01
9.492978999428812736e-01
9.518905575779847972e-01
9.502060508539764694e-01
9.507130583054648199e-01
9.513018466752950486e-01
9.513489607639095125e-01
9.518479952306843073e-01
9.495180639301400438e-01
9.511003451275528153e-01
9.496203013687404271e-01
9.506791753051792027e-01
9.506728662894226023e-01
9.519842468289809734e-01
9.538052013178025534e-01
9.524306589188944461e-01
9.491850750352418542e-01
9.539896381343188070e-01
9.489323531345957852e-01
9.522548778152660764e-01
9.511253858097895586e-01
9.529392498944808665e-01
9.510187534623187888e-01
9.478952904358691756e-01
9.507376983640271062e-01
9.512642485502300627e-01
9.507501290955071571e-01
9.509422448802083982e-01
9.489118362148277752e-01
9.523521758076006760e-01
9.515489717513331280e-01
9.507176187233957743e-01
9.507507472809206828e-01
9.507071105592775906e-01
9.524465879013208625e-01
9.525277259890170267e-01
9.511632387392827681e-01
9.490087908430088204e-01
9.535521616637446796e-01
9.535283379266491499e-01
9.501533824910320947e-01
9.517266208376785608e-01
9.503691113625510889e-01
9.503582645237191873e-01
9.517190292641030114e-01
9.498475712009363248e-01
9.527041367916287973e-01
9.529233840242437026e-01
9.508308425892747495e-01
9.511090106614219497e-01
9.526965252518265759e-01
9.500219503547809863e-01
9.487575486478254660e-01
9.523128093601986865e-01
9.501505483320275003e-01
9.539747175187824890e-01
9.519111663071111451e-01
9.499117044754158412e-01
9.516943132613899792e-01
9.480967535175383043e-01
9.490630124743729690e-01
9.526214257202714197e-01
9.514232375034761269e-01
9.511421159013812021e-01
9.533339221157269838e-01
9.529375414024173763e-01
9.520139684842670036e-01
9.486639341457580032e-01
9.518266911588844081e-01
9.524260141441225347e-01
9.536711216398311430e-01
9.514423934791658155e-01
9.517077744269055728e-01
9.518957347114945788e-01
9.515439300826593616e-01
9.494091728627013227e-01
9.544493742861582808e-01
9.506024774026585744e-01
9.513021444544440541e-01
9.491071275792680728e-01
9.532270717470905375e-01
9.500919198463994020e-01
9.489789508198914758e-01
9.483526874493767300e-01
9.518762813167943593e-01
9.524134978491506365e-01
9.499604795134231061e-01
9.517096257428419026e-01
9.537276429997864069e-01
9.530600905555361990e-01
9.512439113418971193e-01
9.502463901214576181e-01
9.558643038060657959e-01
9.546095031145670484e-01
9.495865420281331959e-01
9.501797182284356102e-01
9.498842883298215245e-01
9.512768463065561786e-01
9.525960988375381522e-01
9.525710512154849097e-01
9.534840389496230806e-01
9.537358271251646924e-01
9.492468635360477025e-01
9.486509867275206842e-01
9.509713156466840234e-01
9.518187034749614472e-01
9.486060585618880658e-01
9.501347655920936441e-01
9.525328824140284478e-01
9.504941256708180353e-01
9.494296516879552339e-01
9.526835443548656857e-01
9.521113837172020533e-01
9.513740464360215254e-01
9.505873877861780175e-01
9.513895658522946164e-01
9.512675561998777951e-01
9.518042166397843173e-01
9.495675838391571810e-01
9.507819227728655509e-01
9.518663331382011261e-01
9.476840016577375847e-01
9.520264659534868334e-01
9.489366929699714071e-01
9.509570080998864805e-01
9.518807191000033807e-01
9.498835532890214095e-01
9.505002338325601041e-01
9.506522394592782366e-01
9.554155593467352769e-01
9.526099132846631568e-01
9.549770957959871076e-01
9.515728439140428430e-01
9.538877966178342938e-01
9.494884614995298122e-01
9.517010282539883903e-01
9.514583101104205909e-01
9.517445184139317060e-01
9.530827741306562295e-01
9.535748765490029699e-01
9.529366188115341307e-01
9.539473117148644654e-01
9.507978336139820685e-01
9.502387671685182946e-01
9.511916712823000886e-01
9.556532000400693727e-01
9.544939078354809370e-01
9.468073004731721865e-01
9.525451479098321350e-01
9.544615210097654456e-01
9.526621369259389294e-01
9.507693911795295216e-01
9.521853949059215783e-01
9.544507055601646472e-01
9.513111867924766152e-01
9.519260287954430799e-01
9.506942286194629554e-01
9.510834985553342502e-01
9.515181969539537876e-01
9.515615617045560803e-01
9.532068826651282079e-01
9.503208688801058068e-01
9.520570575705102900e-01
9.497398375345528221e-01
9.510527234426296994e-01
9.520745323204766741e-01
9.528631937002951524e-01
9.488235591563556337e-01
9.522743761047423039e-01
9.523502797330868352e-01
9.507444167413121594e-01
9.514791853958690648e-01
9.470033660904211281e-01
9.499810054397820336e-01
9.495092213203514264e-01
9.517237740596290463e-01
9.515559931548871475e-01
9.507721378211784202e-01
9.530048538337567710e-01
9.504575434728209649e-01
9.494928930773006703e-01
9.520200766910007495e-01
9.501656256900197217e-01
9.513950583559287466e-01
9.526173275659536310e-01
9.491565151662680888e-01
9.507096989687102706e-01
9.503069173953020421e-01
9.500979218894289868e-01
9.527451682246586007e-01
9.529940249481472225e-01
9.517589663015972867e-01
9.475289848838582829e-01
9.529488424101935085e-01
9.514979830179087772e-01
9.521474226613222402e-01
9.482673411590034629e-01
9.516352306660799121e-01
9.536452868685004747e-01
9.459618944126459983e-01
9.520981204216688587e-01
9.489697706462384419e-01
9.509952628874416281e-01
9.502456339107189232e-01
9.539525494193888955e-01
9.525173151296839613e-01
9.537366382885568150e-01
9.515540086468592396e-01
9.491753957604387448e-01
9.528903927204382951e-01
9.513684356413357746e-01
9.508431349802436428e-01
9.500823699531149025e-01
9.536107735836923949e-01
9.513916220953595460e-01
9.507959039401430168e-01
9.514762476240435918e-01
9.505603660777064423e-01
9.509994508069554708e-01
9.529380250590347989e-01
9.540086677560747352e-01
9.516608152314696145e-01
9.540630417316409151e-01
9.495396407712608511e-01
9.520377018755493692e-01
9.514966382733728301e-01
9.501579066830480036e-01
9.515742720843283209e-01
9.552275961253428038e-01
9.510659461345700727e-01
9.490186400768159114e-01
9.500900785755750366e-01
9.521991360221623291e-01
9.523844744462840461e-01
9.514276802638539365e-01
9.516889384257208873e-01
9.532294114686713504e-01
9.529957941879039218e-01
9.536695772242973490e-01
9.485714575183535890e-01
9.535572476505452810e-01
9.544696620771001561e-01
9.505069098171957664e-01
9.503794516518291324e-01
9.499956828042770418e-01
9.495586677455601921e-01
9.525808297680997683e-01
9.513792878168858547e-01
9.506571003150791066e-01
9.546144333196348031e-01
9.511206505189403471e-01
9.510907886795366695e-01
9.505076983996512130e-01
9.542664896333321600e-01
9.513961381879278978e-01
9.484532332451568459e-01
9.502080348097049489e-01
9.529074238205901271e-01
9.522455338697531912e-01
9.527309632847286158e-01
9.544831707811709531e-01
9.502017296852998118e-01
9.485283449885794083e-01
9.541355245160674237e-01
9.504791960150479335e-01
9.509359482349458714e-01
9.502937401780711113e-01
9.535531603421594227e-01
9.499470352495187342e-01
9.497701249035359616e-01
9.516071892909491181e-01
9.500126673633110252e-01
9.505698730909506455e-01
9.522513640122193257e-01
9.498138533506439440e-01
9.524732642323873177e-01
9.510534366069577361e-01
9.497085941348828442e-01
9.504078094830807899e-01
9.545582103850773770e-01
9.547431646309305631e-01
9.517042066581503645e-01
9.523304043100245808e-01
9.522313688369533624e-01
9.526071519198305859e-01
9.495649936630463639e-01
9.510372693611967021e-01
9.519078622964691760e-01
9.484500016195315242e-01
9.490074266971616490e-01
9.512004354100922487e-01
9.473481110660971760e-01
9.520914701023813764e-01
9.523315329038004595e-01
9.532606146118001167e-01
9.539445882212970185e-01
9.549449215484515641e-01
9.506050807332052655e-01
9.496133902656207493e-01
9.508962328752272875e-01
9.503277646429851844e-01
9.519761837403388771e-01
9.501357005578077164e-01
9.510831278459442872e-01
9.514532482521230738e-01
9.534170551520642078e-01
9.519734737922740386e-01
9.542448005686287038e-01
9.514849500971506169e-01
9.493408236579142789e-01
9.530668183647176273e-01
9.497777088322945094e-01
9.518903303100466617e-01
9.530374477257843591e-01
9.509691959881975132e-01
9.499829452114691986e-01
9.532092741029501992e-01
9.512062289338282239e-01
