9.706718841475064571e-03
1.874825834138866762e-02
8.232887910674786813e-02
1.729863333849408075e-02
6.236907219002425784e-02
8.625187588542462813e-02
1.355447823020801586e-02
3.626156437540181687e-02
2.451394092584004702e-01
5.089378485468352281e-02
1.589558105672679300e-01
1.897558076904318344e-03
1.903331759100734388e-03
1.918820043475357546e-03
1.980137174376671392e-03
1.977861543394592806e-03
2.004517211187963315e-03
2.087209145723652789e-03
2.149312691063761781e-03
2.168471160084503319e-03
2.227516961701087386e-03
2.304208580883733773e-03
2.443175419398225905e-03
2.540020363977883028e-03
2.658157608336021716e-03
2.912285307900165567e-03
3.124098655941623132e-03
3.459991335986237031e-03
3.962173971767574653e-03
4.617984064214780519e-03
5.822381378864323331e-03
7.973652386645442569e-03
1.343201975980710429e-02
3.652176869367927681e-02
2.509213525062653494e-01
2.357435424882423358e-01
8.955525532488146229e-03
1.611928329893849363e-02
5.677891334517689431e-02
1.083693069349820209e-01
5.197472012270944533e-03
6.749214970344934519e-03
1.006430455647772289e-02
2.017179344642998015e-02
9.479599756956143264e-02
8.231040917599147938e-03
1.433999379637655724e-02
4.060451110779549760e-02
2.497306007604812861e-01
1.279091265536271005e-01
2.929699892700589683e-03
3.109061700513481193e-03
3.438884409559439439e-03
3.787149515817356780e-03
4.348210524417271683e-03
5.289513026187387355e-03
6.816071020051323384e-03
1.009386213650463084e-02
2.023159294012277093e-02
9.512396819089226352e-02
8.322467369654437327e-03
1.420073391428520668e-02
4.048967569186413817e-02
2.492807891713584578e-01
1.398483462339832062e-01
2.473588252204282720e-03
2.573381812875716410e-03
2.619556696091753997e-03
2.747782788993028292e-03
2.875051771871028460e-03
3.036126417503671061e-03
3.226171580107184411e-03
3.505845622390421374e-03
3.982568769797778171e-03
4.585190362331616372e-03
5.485046261467013337e-03
7.173118503483853596e-03
1.075274004848609209e-02
2.254290465455778547e-02
1.211691988700538819e-01
2.752892718962249383e-03
3.110528123949007299e-03
3.616958853447655841e-03
4.450026676370756433e-03
5.644587746902680718e-03
7.991879514666141646e-03
1.339670156542772245e-02
3.511590024153134204e-02
2.399499658898032184e-01
2.193333922190939325e-02
1.121242346832368592e-01
3.829947384068540638e-03
4.679047012635969074e-03
6.088733156524819834e-03
8.954448602794394529e-03
1.625474008759800540e-02
5.327868190858557618e-02
1.558399918869396161e-01
1.339597221378359317e-03
1.414906265074886366e-03
1.496677192310225763e-03
1.577682554037708245e-03
1.650842555731475833e-03
1.745505094600550760e-03
1.868043840260532598e-03
2.020451084307553491e-03
2.196588863653869961e-03
2.454801152936433861e-03
2.633125740646147326e-03
3.012221035345416954e-03
3.489853188225797154e-03
4.118791235203410686e-03
5.174955164186060760e-03
7.019778707566633712e-03
1.079785015572497058e-02
2.371791883824202543e-02
1.256008850828900791e-01
3.352252857075658284e-03
3.611854975732296021e-03
3.967180931083507008e-03
4.507767493270695321e-03
5.389230058787595513e-03
6.788504095745625730e-03
9.793144637170113700e-03
1.839087928888919615e-02
7.234984815320551210e-02
3.680167819945437402e-02
2.493930045395625628e-01
6.899348707592235785e-02
4.663159684819663531e-02
2.160268802072332628e-01
2.506220584532865229e-03
2.794781175020221928e-03
3.170014764053311149e-03
3.771725714847643397e-03
4.528491784579730985e-03
5.823545417815411893e-03
8.406099007201106241e-03
1.445906334528413058e-02
4.194904655769984142e-02
2.476174062232881501e-01
4.809884542930707024e-02
2.039594939245970295e-01
1.767127511218927064e-03
1.865206435910168967e-03
2.020149857991753329e-03
2.179081922489759741e-03
2.402751477149492939e-03
2.658771330689638310e-03
2.962812300756704695e-03
3.395962127445562983e-03
4.115793400143069256e-03
5.111904729406103673e-03
6.848673930613977806e-03
1.064656856871957526e-02
2.222277949796043137e-02
1.091891394662995868e-01
5.469660051650076897e-03
6.835772682397646578e-03
9.773719605631298740e-03
1.800177287141109875e-02
6.899378389247889931e-02
4.754841464730558132e-02
2.105388079517419020e-01
1.879707167562573835e-03
2.039818552939790842e-03
2.198301472744264903e-03
2.433654515812646874e-03
2.659260323974801075e-03
3.049557901256835703e-03
3.470945711370204950e-03
4.134778051478872792e-03
5.207299158707196125e-03
6.964707305345073547e-03
1.112091761445024342e-02
2.416824021469862055e-02
1.318079422329923867e-01
3.347904425487957004e-03
3.436965203214686123e-03
3.619923018384246099e-03
3.829277415527977332e-03
4.216149463257124266e-03
4.751209782483734219e-03
5.455181699691110525e-03
6.896653760596984685e-03
9.616805286794869942e-03
1.712049781374067395e-02
5.824957896547656305e-02
1.042439959764212692e-01
6.970630287787530147e-03
9.728987496044377153e-03
1.742343883913480274e-02
6.063331859391166839e-02
9.003577046412554463e-02
1.384366321618493018e-02
3.587289699527232423e-02
2.473153278159837543e-01
6.425771014902052769e-02
7.747828066221608412e-02
2.745826714323005777e-02
