7.957186009707810067e-04
8.620724594439136551e-04
9.372476134658073348e-04
1.060374756013331143e-03
1.153330093117230660e-03
1.322211781200942479e-03
1.619781170635333162e-03
2.090466460491449251e-03
2.893443142280761275e-03
5.186404279416173720e-03
1.552310338240618474e-02
3.222385057938743080e-01
9.413120486552251087e-01
9.409758957818565861e-01
9.401257645183426215e-01
9.393486254223182286e-01
9.427542927502325920e-01
9.430335864548333724e-01
9.451496863470499887e-01
9.481149703380525873e-01
9.463053068406270807e-01
9.479020081979745438e-01
9.462130891600820659e-01
9.496344038985500280e-01
9.477743989697902105e-01
9.488572449406471598e-01
9.461414298846075877e-01
9.486140716008577556e-01
9.512436301148406992e-01
9.489602339827737376e-01
9.462382527946253674e-01
9.506841680743463030e-01
9.459452881932410850e-01
9.501155282195365981e-01
9.512414887315419065e-01
9.507439629763881905e-01
9.491067782177159406e-01
9.497361972253558493e-01
9.513696934502893221e-01
9.487053513311377584e-01
9.456566212638379820e-01
9.501690167387012442e-01
9.490648131965035983e-01
9.447684881627000930e-01
9.509641617095015986e-01
9.486259501672614780e-01
9.480883849331277480e-01
9.477255974586715759e-01
9.525152657836346570e-01
9.504440793405444232e-01
9.495973978507119551e-01
9.517086928931609568e-01
9.480076943958213320e-01
9.494646482670933141e-01
9.465706103671600591e-01
9.509809771275421486e-01
9.487617971969871666e-01
9.487921033963493400e-01
9.527081306349717282e-01
9.499859171795754786e-01
9.517387474672298620e-01
9.503451621547157613e-01
9.509332892750201882e-01
9.534721387943287940e-01
9.503905152129200617e-01
9.482815072606906037e-01
9.485028824461620989e-01
9.480786231268286679e-01
9.488487923426984771e-01
9.517485931006702815e-01
9.510528673385166831e-01
9.485403449414587795e-01
9.505382671982944842e-01
9.511064570599210288e-01
9.516866464587562247e-01
9.524815773676533759e-01
9.469970065355760580e-01
9.521979662561194102e-01
9.507015253675020761e-01
9.492195937830558705e-01
9.499002192959510316e-01
9.494393604386635044e-01
9.543279615169054653e-01
9.515309359569720238e-01
9.528527042442571648e-01
9.521294551776610104e-01
9.517052662156807452e-01
9.524299900344510572e-01
9.526296915235699103e-01
9.499049550943310383e-01
9.496321471947354320e-01
9.519428014335431509e-01
9.505561444735166621e-01
9.523626093985683161e-01
9.516763080118202378e-01
9.509279779203034799e-01
9.516275089178245494e-01
9.520408893672495099e-01
9.500286528635878414e-01
9.522698677444031423e-01
9.512969400421272814e-01
9.506088613736909387e-01
9.501585435197449359e-01
9.475281794750057829e-01
9.503613019957567465e-01
9.506871977604454127e-01
9.478793121861301962e-01
9.526587708395040099e-01
9.467656352817878096e-01
9.528674866009774203e-01
9.481357500507145986e-01
9.494381088528953683e-01
9.495786824124637926e-01
9.508512633522597790e-01
9.502388172363647190e-01
9.504590281435770782e-01
9.501072346908450150e-01
9.526890982642927108e-01
9.519004305187661608e-01
9.503889020726015158e-01
9.530876439617794738e-01
9.521953537329912454e-01
9.502660241513434247e-01
9.515094195498888796e-01
9.497037708644771037e-01
9.519310923392346746e-01
9.514366829542227899e-01
9.492166330115779926e-01
9.480789959414044343e-01
9.517856474151420443e-01
9.516347204799460169e-01
9.498317029813502232e-01
9.516407835477216359e-01
9.503411572792000994e-01
9.485192363526591119e-01
9.515419745419801956e-01
9.511748641479536026e-01
9.511247119945220874e-01
9.499973742300118484e-01
9.525196554033815710e-01
9.509373630305496539e-01
9.516434715020040125e-01
9.535383998933453231e-01
9.524630200887516107e-01
9.510856530215334725e-01
9.521890941644757245e-01
9.491241288930458708e-01
9.502279688123268508e-01
9.504598280996428006e-01
9.542554612023953498e-01
9.511457751622558465e-01
9.503702058393438401e-01
9.512335351974321451e-01
9.503504674846084965e-01
9.502950746134911642e-01
9.527266181718776483e-01
9.500854175546536995e-01
9.513081623799946041e-01
9.499134997258672497e-01
9.479989751532286180e-01
9.510836496715128208e-01
9.502731415839554829e-01
9.486873675132548867e-01
9.508347138376579410e-01
9.501743880938577913e-01
9.472830375162366590e-01
9.507016728279343853e-01
9.495047988016958040e-01
9.507576732706964906e-01
9.519524955559439672e-01
9.535805691599995582e-01
9.512570227062929762e-01
9.541396917299181935e-01
9.505429884594892576e-01
9.507276653981967529e-01
9.491453020437531363e-01
9.504313737821781238e-01
9.514739644598023682e-01
9.539803646778056700e-01
9.521217174589416965e-01
9.517838595291078230e-01
9.511179688133204468e-01
9.530970914137745220e-01
9.489743970852753119e-01
9.523821928715886509e-01
9.504655274085990202e-01
9.503921029095562245e-01
9.515784713161804520e-01
9.523431747009545312e-01
9.516018966847723526e-01
9.489028498036681247e-01
9.510014439363401184e-01
9.501689190650702832e-01
9.502795486094518518e-01
9.519463419737249632e-01
9.524262904029002774e-01
9.537984191519269794e-01
9.524768850293768852e-01
9.485742068049478615e-01
9.537870117231245226e-01
