8.420992639386282175e-01
8.494891323682672857e-01
8.551132688814752081e-01
8.585238866072574249e-01
8.675230838474181638e-01
8.731264143574214431e-01
8.766322233088106319e-01
8.782507745968252122e-01
8.867933484339044492e-01
8.849267462091973124e-01
8.859349886846507038e-01
8.920027006571241701e-01
8.939443746274634561e-01
8.916157492413943064e-01
8.952849913596331310e-01
8.993939046112945368e-01
9.039041674086286671e-01
9.004143930765030612e-01
9.103211941800275486e-01
9.073334681529304779e-01
9.097017856348482701e-01
9.124262480048709323e-01
9.124849774076404518e-01
9.160291569000961198e-01
9.170049216178258744e-01
9.171154054031797065e-01
9.145177351272101296e-01
9.182104010823773921e-01
9.251815002858777559e-01
9.204076946968465789e-01
9.202078825579598220e-01
9.265525091122213119e-01
9.191070620233838806e-01
9.274884407101433581e-01
9.253252332318417928e-01
9.290628817824805319e-01
9.301787236657136360e-01
9.318592517439064915e-01
9.309258596703706701e-01
9.296156910453687860e-01
9.289447950894987871e-01
9.320673679779390985e-01
9.304509456424577829e-01
9.304519600082029607e-01
9.320850912607212546e-01
9.307093741047226532e-01
9.323313519872030719e-01
9.313247706054421649e-01
9.375052510303362174e-01
9.368585980784498446e-01
9.365539929941951725e-01
9.356559254134839687e-01
9.349972725180535349e-01
9.360449575436720071e-01
9.354647811472666108e-01
9.423311910575781214e-01
9.381953439247501247e-01
9.408453882540164237e-01
9.435316692332166300e-01
9.405138718454507663e-01
9.398628760351513955e-01
9.401743508746909228e-01
9.403476014683120887e-01
9.452303049511484589e-01
9.415476340830812862e-01
9.395048310505085265e-01
9.392109465731413032e-01
9.414402846403946423e-01
9.415015741967630580e-01
9.453598095719799588e-01
9.451555943310006036e-01
9.425588848507825412e-01
9.447976449426480627e-01
9.445422937878013014e-01
9.446398062579460797e-01
9.472102733334971658e-01
9.426236815179069861e-01
9.464529245456054785e-01
9.474395009842410120e-01
9.440735890678015885e-01
9.450975440583428977e-01
9.456629306560191406e-01
9.513040652534728858e-01
9.468031745883650485e-01
9.487431307371355649e-01
9.485840127821905110e-01
9.466283383624769510e-01
9.489515335338516433e-01
9.487433001704930202e-01
9.449688481757461123e-01
9.459260033775269694e-01
9.477483259174320773e-01
9.457575234662934927e-01
9.473620905789970070e-01
9.495733694700191352e-01
9.462488089189690088e-01
9.474985844483136965e-01
9.476175768303266578e-01
9.468114153745611494e-01
9.480814718824460696e-01
9.479996869711634355e-01
9.475953770259093467e-01
9.475126211722694203e-01
9.454557101618830117e-01
9.470277964793497594e-01
9.482323156734387970e-01
9.457963609466708554e-01
9.504720775959946133e-01
9.463379002855294431e-01
9.506746285225444737e-01
9.477092868229078926e-01
9.474775789527374315e-01
9.471935620736854355e-01
9.488263784548391921e-01
9.486400515381746557e-01
9.485520642965612481e-01
9.480842805039573218e-01
9.510630322942472681e-01
9.505086462277803072e-01
9.494755448277613086e-01
9.509044312078775985e-01
9.514065638258483171e-01
9.484044069122403720e-01
9.498328942822191756e-01
9.494006882192865815e-01
9.510418883001363621e-01
9.502740044525841423e-01
9.478515208056809138e-01
9.463194533228953542e-01
9.510241622537867201e-01
9.505944822873931832e-01
9.478625483861089496e-01
9.508018731411591595e-01
9.489997815622333022e-01
9.456702576320566989e-01
9.506329708852582216e-01
9.494388421970887393e-01
9.496490872231271307e-01
9.488728895305096334e-01
9.514800109947345597e-01
9.504734040412181617e-01
9.508468016568634162e-01
9.523037064549070285e-01
9.518073802766953140e-01
9.507016246911991209e-01
9.514569376300365811e-01
9.487716113479838231e-01
9.496091345664676719e-01
9.496536900995021790e-01
9.533288431924110684e-01
9.510861316540202282e-01
9.490420227800081543e-01
9.505625506835639893e-01
9.498207473980668780e-01
9.496999005027213503e-01
9.519763478900533649e-01
9.484352387923796757e-01
9.509663335467087864e-01
9.497340984067856873e-01
9.477746051822779627e-01
9.491531036814471189e-01
9.495462905589984182e-01
9.482584925293725542e-01
9.496630984622906890e-01
9.504070329132026096e-01
9.475374687592273970e-01
9.498537162657638699e-01
9.483749537987297140e-01
9.505948775968392495e-01
9.516062355002797846e-01
9.528158153117378681e-01
9.498626112251417064e-01
9.531961598263799518e-01
9.494681471474115675e-01
9.499096797349968480e-01
9.484560983869079198e-01
9.498220309041131015e-01
9.512201711618681887e-01
9.530256945179057526e-01
9.523988859764492831e-01
9.515903907903016101e-01
9.505694230985402005e-01
9.532334091754769423e-01
9.486166384590295486e-01
9.523727205371317339e-01
9.503120128501526542e-01
9.502739563419756452e-01
9.518521205085848091e-01
9.524255851703606890e-01
9.512534253301533349e-01
9.491286982884789003e-01
9.508267911713288445e-01
9.494875015844238542e-01
9.503758176239631705e-01
9.513031538236077500e-01
9.519004705027629409e-01
9.534296796351889869e-01
9.524444135301777248e-01
9.486809827106748028e-01
9.538001480970624835e-01
