6.092992426956095331e-01
6.660052063971015901e-01
7.548513962383500697e-01
8.228786789160421611e-01
8.670645677545326668e-01
8.835020288506386654e-01
8.944546190792816986e-01
8.967818847726243270e-01
9.018631861566713814e-01
9.006386267091894826e-01
8.986149388115555192e-01
9.008779959119999070e-01
9.016026429247384621e-01
9.026706556310637453e-01
9.071199737558015563e-01
9.057215237037090638e-01
9.103042492810379249e-01
9.113874264576868889e-01
9.156026170656305085e-01
9.179875921813435147e-01
9.164766133470444442e-01
9.217955306643093039e-01
9.206200024748070199e-01
9.242099143579664000e-01
9.252355544839895307e-01
9.283127953843942626e-01
9.283940058724908795e-01
9.269968828604854272e-01
9.334598555022611821e-01
9.277470840145808362e-01
9.282219510784684990e-01
9.332086032443593915e-01
9.311596336524995410e-01
9.367799442566320245e-01
9.365142550354247364e-01
9.366131537711007704e-01
9.360370660238410689e-01
9.379367646438615536e-01
9.377831928756752422e-01
9.378659564663033299e-01
9.320255117124646160e-01
9.404224982678937028e-01
9.369062370270460072e-01
9.338040002476020174e-01
9.388618009478517656e-01
9.352975523454684081e-01
9.373012831601487127e-01
9.364740127677647630e-01
9.407473092167516482e-01
9.402987421906668919e-01
9.396305610568806976e-01
9.421226328192390254e-01
9.384691732727543645e-01
9.392743772254520396e-01
9.384258126893995078e-01
9.452896949195799259e-01
9.403699988766959228e-01
9.443248135023050160e-01
9.459344614920908167e-01
9.436620723809046041e-01
9.453568757982290238e-01
9.435245914232431863e-01
9.432133283461195949e-01
9.477444400955421511e-01
9.433240047461626254e-01
9.425988651896048953e-01
9.415548447731347803e-01
9.431454669731915708e-01
9.435296514618698449e-01
9.469065929669413517e-01
9.466169404466426851e-01
9.445366716602401347e-01
9.460087308846203413e-01
9.443627715408946521e-01
9.469358241178358337e-01
9.475137228894185970e-01
9.430455385865630369e-01
9.467550083711373521e-01
9.469812668365281683e-01
9.450685883260872000e-01
9.454182475842746181e-01
9.452300169542608987e-01
9.511161059958962438e-01
9.480274168091951115e-01
9.486167328949298705e-01
9.492828040946439394e-01
9.477362919785561335e-01
9.496511450632889595e-01
9.498768421864394185e-01
9.459298546695280585e-01
9.461398981638606820e-01
9.482207665288007181e-01
9.465884149831318428e-01
9.484013059262752510e-01
9.499903803684504044e-01
9.477772020906434225e-01
9.491211490844388976e-01
9.493471041300325375e-01
9.478565962322196281e-01
9.488823761962219550e-01
9.484127418898844475e-01
9.477139851712792495e-01
9.480251841043131344e-01
9.455880912222909274e-01
9.475395280167429046e-01
9.486982930440839290e-01
9.465139264576973854e-01
9.509843378522205848e-01
9.465578503090014140e-01
9.504430513216842735e-01
9.477683862567792827e-01
9.479319866610876888e-01
9.477285647092630327e-01
9.493848342011046437e-01
9.492466656633571365e-01
9.491269850781147710e-01
9.487076026273901785e-01
9.519645354352641586e-01
9.508394339132200113e-01
9.499276233302439421e-01
9.515778810822396183e-01
9.515902786125121082e-01
9.484831840034423367e-01
9.499072755165346438e-01
9.492944886707348484e-01
9.510983650291940927e-01
9.502936873551166563e-01
9.482009002497467920e-01
9.466084416746470831e-01
9.509317885591431763e-01
9.506327445505683427e-01
9.479797716040615496e-01
9.508120730302354051e-01
9.494867893267809889e-01
9.464562228312232151e-01
9.508977884370309885e-01
9.499616840251288163e-01
9.498363033962580193e-01
9.489004793229776080e-01
9.518910603929782166e-01
9.505508794850929810e-01
9.510331626822718931e-01
9.524615092853913056e-01
9.521483689056128297e-01
9.507625209451966430e-01
9.515100192910034282e-01
9.486789718830719309e-01
9.495766513161478795e-01
9.494765777309174259e-01
9.530800613243639585e-01
9.508344944610237492e-01
9.488949200882765833e-01
9.503607995145262333e-01
9.496925647931547809e-01
9.497328101406039558e-01
9.519855553615302890e-01
9.484519158034001585e-01
9.511024365958653526e-01
9.497872277079389969e-01
9.477178854913118622e-01
9.491017699786646888e-01
9.494736626723834227e-01
9.480760301136010870e-01
9.494872412960740915e-01
9.502332932968015067e-01
9.470067701619475642e-01
9.501649423116356186e-01
9.486408079697611351e-01
9.507270408911574489e-01
9.516086112070798464e-01
9.528526109541557432e-01
9.500194212609279765e-01
9.534837530749965540e-01
9.495462664957050603e-01
9.498086161262030425e-01
9.484958440734092555e-01
9.497211671381667886e-01
9.509595835468785952e-01
9.526412059194189208e-01
9.523687077855447214e-01
9.513247636116781702e-01
9.503884254302317203e-01
9.531543218181225408e-01
9.484993505451915219e-01
9.522601972558060179e-01
9.501065488424536021e-01
9.503201958587818021e-01
9.518864289234730824e-01
9.522873342630661098e-01
9.514861149782823935e-01
9.495498685895611413e-01
9.509296335211082640e-01
9.494640625751638030e-01
9.507924369301784528e-01
9.512721739180327596e-01
9.518828247921812258e-01
9.536747347339612491e-01
9.522114459059711766e-01
9.488829732623221824e-01
9.539885603786827373e-01
