9.593596156933625885e-02
8.823939041571174924e-01
8.860901778115777283e-01
8.940862409639523944e-01
8.979409147350921883e-01
9.025938313058284868e-01
9.084016292474378362e-01
9.102314323650745331e-01
9.137015992446922974e-01
9.127138269788521718e-01
9.116905805882881131e-01
9.163760031205411272e-01
9.167763161675979156e-01
9.147397946122185486e-01
9.168320658145806545e-01
9.181022167731492933e-01
9.220812313284487693e-01
9.208999283393337620e-01
9.288284849098791263e-01
9.288601883187784791e-01
9.274702904849908558e-01
9.284961251102882285e-01
9.306176385617317415e-01
9.326205833356182584e-01
9.316749501396395239e-01
9.324553171527886208e-01
9.322851261732609807e-01
9.331349959984746034e-01
9.395916025546299233e-01
9.340057864440748370e-01
9.353821058134244026e-01
9.408929404471148006e-01
9.370967551958981900e-01
9.403335529943660509e-01
9.426802590895914102e-01
9.417846356087222759e-01
9.421820554317222873e-01
9.447356299567131188e-01
9.433376342201332809e-01
9.449439497016489664e-01
9.389283869611203537e-01
9.451497330408640263e-01
9.440626586463100045e-01
9.392008020535265178e-01
9.452335693863809229e-01
9.434741756597986306e-01
9.442753170188104006e-01
9.447272768078581739e-01
9.479465578879465726e-01
9.477148482290037590e-01
9.465064409783630062e-01
9.490591284361226121e-01
9.471638368603894076e-01
9.478499919169016685e-01
9.446190424685620979e-01
9.503809872457773533e-01
9.466125732649799396e-01
9.480435182187023635e-01
9.516126594992447840e-01
9.493207919206513301e-01
9.505049296225963618e-01
9.488013920371198839e-01
9.500264399358985257e-01
9.522677073872181097e-01
9.502142584622367272e-01
9.477924444511196533e-01
9.473466906280338939e-01
9.479166187971328483e-01
9.477790564118486749e-01
9.512707559110485933e-01
9.498549709665313756e-01
9.489587366424429016e-01
9.504721531903013165e-01
9.498774525176980621e-01
9.516463918015317658e-01
9.514816930890209745e-01
9.464332704874784952e-01
9.515793320513036280e-01
9.500041416637229341e-01
9.486957953369505869e-01
9.489138537671508722e-01
9.488438100557708976e-01
9.539492708469212712e-01
9.508530915151047758e-01
9.531029772286345736e-01
9.519671201337640554e-01
9.505879006941517773e-01
9.517715397171515601e-01
9.518524175824285560e-01
9.494227918069174654e-01
9.487383704731112699e-01
9.509002774793666735e-01
9.497353539119097743e-01
9.518884107845189124e-01
9.510724843590337985e-01
9.500834473270002301e-01
9.511579932226024159e-01
9.512223196937324987e-01
9.495381984947187659e-01
9.513903931142460024e-01
9.500414737662834508e-01
9.499739430966649412e-01
9.497729803177603625e-01
9.466979033158380297e-01
9.494929700364459491e-01
9.502038855238481574e-01
9.475999745152509091e-01
9.520402199731657911e-01
9.470160698780903941e-01
9.520505555048753843e-01
9.481469989972606260e-01
9.487749454381212422e-01
9.485037486842823329e-01
9.503829252487373536e-01
9.492085120077665694e-01
9.501389940066913287e-01
9.490620785356006506e-01
9.522099331200281069e-01
9.512985348344641379e-01
9.501256752691173979e-01
9.524400266842550922e-01
9.519458060533028121e-01
9.488554600408093398e-01
9.505061356648760729e-01
9.497338815333247197e-01
9.513158794113621974e-01
9.511027607833484332e-01
9.487337062986577196e-01
9.474582727524762937e-01
9.515613321915240563e-01
9.507678322229807799e-01
9.486231950292172144e-01
9.512891977144675160e-01
9.498410870354310198e-01
9.465489941692019071e-01
9.507821625530922249e-01
9.499142482933636833e-01
9.498955128654623659e-01
9.489049418898054533e-01
9.517661103111063614e-01
9.505360208276685263e-01
9.510662807094110160e-01
9.523720821013027527e-01
9.521739761189056406e-01
9.507207888323634393e-01
9.514695752634448889e-01
9.488393149278940841e-01
9.497146623641693486e-01
9.499614841570984680e-01
9.533596571642910522e-01
9.510259183862219690e-01
9.490743202590232741e-01
9.505101809355986919e-01
9.502553690195186809e-01
9.500216260244430666e-01
9.523467090376835920e-01
9.486678881888553905e-01
9.512218785647839070e-01
9.494545647031812363e-01
9.478277481413127648e-01
9.498123973811650744e-01
9.497060847268093964e-01
9.486193890814493823e-01
9.501341086768884114e-01
9.506084237283678462e-01
9.474108589212851816e-01
9.500690101678309629e-01
9.483953654852127491e-01
9.503117268847929289e-01
9.516013787335469987e-01
9.528684689963800025e-01
9.500264575431480729e-01
9.534769704860802664e-01
9.495536446294159383e-01
9.498167446235700195e-01
9.485088333634773550e-01
9.496555761963967335e-01
9.510412326565877983e-01
9.525296704574606199e-01
9.524662968924830775e-01
9.511849629403713591e-01
9.501911946105532358e-01
9.533475932722428325e-01
9.483676234733832144e-01
9.523352785949036337e-01
9.501650309808101769e-01
9.504112993926115971e-01
9.518993940131259546e-01
9.523363819871436542e-01
9.515998224176066556e-01
9.493862522593462527e-01
9.508924799400135797e-01
9.490068725861959820e-01
9.507612362116387716e-01
9.507498561332907716e-01
9.518779527568124177e-01
9.534695937769823715e-01
9.518925451078418254e-01
9.488937175129481538e-01
9.535987110284066537e-01
