1.000000000000000021e-03 1.000000000000000000e+00
2.426258798268973033e-02 1.003149613968713494e+00
5.537159732681999624e-02 1.165759488930674381e+00
6.664721185027321082e-02 1.378861952859879780e+00
7.286312928760529939e-02 1.558387016987436091e+00
7.690768130510838851e-02 1.709353278035153911e+00
7.957359956774474885e-02 1.834312866687592081e+00
8.127279809643818409e-02 1.945034417870257881e+00
8.264895881546643897e-02 2.041149901991490268e+00
8.349101110291747008e-02 2.126785902779804616e+00
8.418245009638451737e-02 2.203075198743738028e+00
8.457115146246931003e-02 2.275178038553910209e+00
8.488072162347828908e-02 2.341239647441356375e+00
8.508484711802288825e-02 2.404154838184148879e+00
8.530291044862937933e-02 2.464286434900041289e+00
8.539567457541599738e-02 2.519618157702173900e+00
8.544180846316876132e-02 2.571311619808918536e+00
8.547900333580495114e-02 2.621519833824239587e+00
8.537101141792353964e-02 2.668578374860826496e+00
8.529809661486839611e-02 2.712143674668011428e+00
8.523084645320321007e-02 2.756486000642681677e+00
8.502399924119345698e-02 2.799469988479037053e+00
8.486651835030951940e-02 2.840349381220748537e+00
8.477927207897661965e-02 2.878954539496714649e+00
8.464837033713945580e-02 2.916860103442454832e+00
8.455317492998003226e-02 2.953169394275311443e+00
8.436552434828006874e-02 2.989162816947782630e+00
8.417516892767611114e-02 3.023642810836309813e+00
8.403144437429019287e-02 3.058098009789231853e+00
8.403047355442523625e-02 3.090145015158956898e+00
8.389770558422696145e-02 3.120725234296353179e+00
8.390670710469204374e-02 3.150887874737662742e+00
8.374019194337768701e-02 3.181515138313188551e+00
8.380271265755455390e-02 3.210974895606898194e+00
8.373380533416352467e-02 3.239238712326978575e+00
8.361253675532551166e-02 3.268815357088954432e+00
8.350596260373618906e-02 3.294614454293981254e+00
8.329129629726701733e-02 3.321344007428155720e+00
8.316015967677073406e-02 3.348509305490221077e+00
8.304305389193075704e-02 3.373115944894996332e+00
8.290647680818469256e-02 3.399679928140407537e+00
8.285911792833161593e-02 3.424399029103959435e+00
8.268372260837147936e-02 3.449327620742154821e+00
8.261983813577089553e-02 3.472393144553712396e+00
8.249333874507049080e-02 3.495734893672441945e+00
8.244335289739554429e-02 3.517930270073208021e+00
8.240973438709774113e-02 3.541772341241798738e+00
8.250075529934230989e-02 3.564676731076488636e+00
8.241644328169772660e-02 3.585826078052584354e+00
8.235600660131592310e-02 3.607737668339072723e+00
8.228345974261473683e-02 3.630307906781288008e+00
8.213246229971912782e-02 3.652021862151301423e+00
8.198212480570969685e-02 3.672427801578965756e+00
8.188667733227741885e-02 3.693261459102075595e+00
8.174398586308968817e-02 3.715618000243918750e+00
8.166127379765407424e-02 3.734804790829590271e+00
8.160749724957788720e-02 3.754961083230972996e+00
8.140518133370450160e-02 3.773840494971044013e+00
8.129617487301118994e-02 3.793259239017427120e+00
8.125640167398413827e-02 3.810673496274372685e+00
8.131057110457193260e-02 3.828850996542796814e+00
8.128249625430633563e-02 3.847057716391363513e+00
8.116571036687697527e-02 3.865768467752379145e+00
8.104010576578461744e-02 3.883363974047689293e+00
8.101001021501980093e-02 3.899997335285914080e+00
8.092191301557535854e-02 3.917260795134997586e+00
8.091716134564067020e-02 3.934354437112862257e+00
8.081557276934661638e-02 3.952350788683136606e+00
8.058909182347054334e-02 3.969896671945296163e+00
8.069372648065954723e-02 3.986701175311018641e+00
8.068583752584700119e-02 4.003912526749757284e+00
8.054516667220205928e-02 4.020876087689643441e+00
8.048399492187649495e-02 4.037660559166503127e+00
8.039072356410949249e-02 4.054515674608484943e+00
8.028197505450625215e-02 4.071149392915905274e+00
8.031393908659341385e-02 4.086892738638080225e+00
8.023842096240739463e-02 4.101371068068762504e+00
8.008781481158798454e-02 4.116864190856548866e+00
8.002916252007309661e-02 4.132550082878589492e+00
8.000732012632745527e-02 4.147697857097878860e+00
7.998735528673764361e-02 4.162002606387099846e+00
7.995160632874483142e-02 4.178048736822742804e+00
8.013162962850965687e-02 4.192687076890250886e+00
8.009262724663013255e-02 4.208233099084328188e+00
8.003820129926850213e-02 4.223900389816403589e+00
7.999315375762128255e-02 4.237498889474535346e+00
8.001414711895761533e-02 4.253263816893520399e+00
7.989454581838771607e-02 4.267639190046264019e+00
7.981054837282966496e-02 4.283001201562915305e+00
7.969665344359498638e-02 4.296467790113991825e+00
7.984650474812872434e-02 4.310350662642990827e+00
7.966851887960953171e-02 4.324956381762456559e+00
7.970086847914967243e-02 4.338329741814408003e+00
7.977953106908614034e-02 4.352029645239993805e+00
7.990797387773665439e-02 4.365810229969390832e+00
7.990672143358865109e-02 4.379081308936714656e+00
7.987817735518558393e-02 4.392023000521865228e+00
7.991721649346364420e-02 4.404661763433005639e+00
7.970900121937435356e-02 4.419065255677980808e+00
7.971582718708518367e-02 4.431620023968002364e+00
7.950199214515007995e-02 4.445833730004450146e+00
7.940261029561186679e-02 4.458754095330274225e+00
7.937883659034919437e-02 4.472498581698509668e+00
7.928134271126008326e-02 4.485449520239031429e+00
7.929236485337856633e-02 4.498234731666245878e+00
7.901110096443485220e-02 4.511086028160067762e+00
7.917370704571700946e-02 4.524757510771323155e+00
7.916044735231449192e-02 4.536750562993916880e+00
7.909873333674152796e-02 4.549890507338261614e+00
7.895195479730338084e-02 4.562210624485491195e+00
7.889496422551263433e-02 4.575032626444888173e+00
7.904239972710291884e-02 4.586560243351411437e+00
7.901709618560447124e-02 4.598769000927717343e+00
7.908741476658985581e-02 4.609623996817814096e+00
7.912409860199469402e-02 4.621564098365484874e+00
7.915754248139493521e-02 4.633250128858375838e+00
7.910302107168176722e-02 4.644684070302889545e+00
7.904858499747451084e-02 4.657146628586187553e+00
7.917435999454523754e-02 4.667557798349903031e+00
7.921192968712709170e-02 4.680119867113528898e+00
7.919576529630328876e-02 4.691086936138928465e+00
7.921329133378123000e-02 4.702735124416489221e+00
7.919475454353500088e-02 4.712237319500803601e+00
7.906043240240812064e-02 4.722471654575108424e+00
7.894167603235560660e-02 4.733291259791127636e+00
7.883525375514763289e-02 4.744625537507142887e+00
7.884590502368256371e-02 4.755060107231509292e+00
7.871574291012488345e-02 4.766660617904875608e+00
7.848246153938742697e-02 4.777650174750691647e+00
7.856478281107444339e-02 4.788483305899868370e+00
7.866691692245644796e-02 4.799974643207690406e+00
7.844858809385966969e-02 4.810519220759789327e+00
7.857030178984431013e-02 4.822337951271541634e+00
7.851481798432202730e-02 4.833994401915061800e+00
7.855955533027553228e-02 4.843299145242706771e+00
7.856738103533529582e-02 4.853240748855268016e+00
7.851018089848209314e-02 4.863142072413347172e+00
7.876675276038591633e-02 4.873669453400982121e+00
7.881670551382140288e-02 4.883513044802419323e+00
7.874548056763192028e-02 4.894265264256228321e+00
7.867677324828931118e-02 4.905827445227300743e+00
7.859623591660420960e-02 4.916049684734895564e+00
7.855811909478828403e-02 4.925757319500883469e+00
7.839145971280499225e-02 4.936952588595840297e+00
7.833584514923459807e-02 4.946548255988967746e+00
7.859116216787706555e-02 4.955983994267755932e+00
7.833379577918250791e-02 4.966329182867787573e+00
7.830805034815113697e-02 4.976697747156487495e+00
7.811315968000696885e-02 4.986647556386947677e+00
7.817681298031747827e-02 4.995732639568683631e+00
7.803055313850673635e-02 5.006279931135602546e+00
7.808918226608436985e-02 5.016781255158526243e+00
7.805232778983993425e-02 5.026129405686685203e+00
7.799033757903586772e-02 5.036586995674226408e+00
7.791659983507386034e-02 5.046545552900726150e+00
7.793154193341075842e-02 5.056813025541603501e+00
7.784558531600853371e-02 5.066922936239063091e+00
7.781892084354105621e-02 5.076592229713099869e+00
7.781481878217673398e-02 5.086199682199864291e+00
7.798153935301212203e-02 5.095171896716704119e+00
7.791185397409031155e-02 5.105348264402887359e+00
7.779683742130114044e-02 5.114183646759041579e+00
7.785810526679094734e-02 5.123598982804111301e+00
7.776171556018850184e-02 5.132739840868912218e+00
7.759598775128599690e-02 5.142298406553760692e+00
7.770832190745860513e-02 5.151712594606350670e+00
7.762124571942824458e-02 5.160842059782760671e+00
7.764978068799015254e-02 5.169745197662365399e+00
7.756803626358320380e-02 5.178446874720427751e+00
7.766843954161495311e-02 5.187679856980841997e+00
7.755070180288409221e-02 5.197376938349919762e+00
7.761635247150008854e-02 5.206290801655897305e+00
7.744107925030424555e-02 5.215704655699926917e+00
7.759744099972792908e-02 5.225220656378144923e+00
7.757577085539743567e-02 5.234448403805318506e+00
7.767756377167528425e-02 5.243660896663184801e+00
7.770919996863966117e-02 5.252912852198726945e+00
7.757159288143630760e-02 5.261362901982959528e+00
7.743153625429555209e-02 5.270497109350649190e+00
7.746602874201873046e-02 5.279652922967231099e+00
7.734303930954401773e-02 5.288306253841709825e+00
7.745424596559702390e-02 5.297070772690628537e+00
7.739865319707886493e-02 5.306398827769075233e+00
7.758267255998929635e-02 5.313977415278958283e+00
7.737119785206376943e-02 5.323006730305001710e+00
7.724929506875173602e-02 5.332203080502650572e+00
7.720825322702101756e-02 5.340949648238512815e+00
7.712251464392641531e-02 5.350033221025221053e+00
7.717598211513598816e-02 5.359485042043524494e+00
7.708247174377683142e-02 5.368164049502590629e+00
7.701778023825069097e-02 5.376575832939201938e+00
7.719230628226450563e-02 5.385821344994847770e+00
7.723980889072044886e-02 5.393689917503706965e+00
7.711772847240201678e-02 5.402259798481042097e+00
7.727329769837948392e-02 5.411435991564998993e+00
7.735541049659816482e-02 5.419662310328237531e+00
7.738682185993943363e-02 5.428130150563241330e+00
7.733131942861189156e-02 5.436163319350036716e+00
7.746006494614367244e-02 5.444269949979554823e+00
7.728112060878199185e-02 5.453698238348344773e+00
7.695982817451157976e-02 5.462457326935967750e+00
7.726774362595313639e-02 5.470447688999661828e+00
7.724533273550306112e-02 5.478957026674629915e+00
7.726821645184808740e-02 5.488028644094694819e+00
7.724832645754813043e-02 5.496369879959262406e+00
7.742837439470183492e-02 5.503481595639414081e+00
7.732711922333862509e-02 5.512465687999213770e+00
7.709535880081351544e-02 5.520453540147580718e+00
7.715485111049255607e-02 5.527369223732519821e+00
7.697555577206494082e-02 5.535495741428920091e+00
7.665958082318875821e-02 5.543939706068425899e+00
7.668398484739073762e-02 5.552491745827987657e+00
7.660248277180395360e-02 5.559745339198236103e+00
7.650337531210681108e-02 5.567220656346719920e+00
7.654143014062934902e-02 5.574518786365668888e+00
7.653995845773027551e-02 5.582917025613784112e+00
7.642429749639906289e-02 5.590249381731938527e+00
7.627558502304374044e-02 5.597904102308977947e+00
7.639333305886557290e-02 5.605603456372546312e+00
7.633720625171828977e-02 5.612709642909548435e+00
7.626597613916100138e-02 5.620186267425561155e+00
7.613743680939143166e-02 5.627390977623722534e+00
7.600478645786726273e-02 5.635213643161463892e+00
7.591284309995363633e-02 5.642903069424471951e+00
7.586798571380840017e-02 5.651165975282562925e+00
7.592456193920299468e-02 5.658232098633333429e+00
7.598898211688172311e-02 5.665770669018620254e+00
7.622349387847972280e-02 5.672874137151318941e+00
7.617864734151608141e-02 5.680772097333164794e+00
7.613692694965135122e-02 5.688259657362551458e+00
7.615048847153202405e-02 5.696319639559101589e+00
7.613961079085983241e-02 5.703804408882080068e+00
7.622416477812973823e-02 5.710921033098835586e+00
7.626408965507555648e-02 5.717979980299997322e+00
7.639726763391506414e-02 5.725111572353593914e+00
7.645652312608793022e-02 5.731622615408832999e+00
7.644894938893433134e-02 5.738822778833971405e+00
7.632037523798115841e-02 5.746405516066388053e+00
7.636447919783152793e-02 5.754063393477153454e+00
7.633728038856357756e-02 5.760997185266778509e+00
7.625829337521092266e-02 5.767926036195680339e+00
7.615243829944370879e-02 5.775944993322935872e+00
7.608779380406677229e-02 5.783126543189689883e+00
7.609385248290793935e-02 5.790938809683108701e+00
7.616683448209569940e-02 5.798092279387731196e+00
7.612361204844576845e-02 5.805217022693421214e+00
7.624625376579180491e-02 5.812106835033463703e+00
7.634928234539875569e-02 5.818183263065230371e+00
7.622624555242761557e-02 5.824721253902606755e+00
7.628110720564572345e-02 5.831691130347297580e+00
7.648111969028202617e-02 5.838920861218259262e+00
7.632065361206818999e-02 5.846248534023810173e+00
7.617106490124818385e-02 5.853858641398428375e+00
7.620650735823511490e-02 5.860420687678887575e+00
7.619481812485057182e-02 5.868112636982856678e+00
7.613793930470764970e-02 5.875140230015639453e+00
7.618742678731259266e-02 5.882648650115665845e+00
7.622961020153681821e-02 5.889154337588938581e+00
7.618924275329100326e-02 5.894923329768538167e+00
7.624838297616473581e-02 5.901385022808226744e+00
7.623012245660890085e-02 5.907735327768161682e+00
7.609350209739956794e-02 5.914839769087012478e+00
7.623637266669083812e-02 5.921966639776946373e+00
7.640268048668019674e-02 5.928055277168149395e+00
7.643146053708914367e-02 5.934396912747781805e+00
7.660459546379758122e-02 5.941080176816583069e+00
7.670721488965202839e-02 5.947506518827315958e+00
7.659014127017550744e-02 5.954476010267323538e+00
7.636925840041436375e-02 5.960915427921510634e+00
7.642441258094768985e-02 5.967841518034814996e+00
7.657282534258601225e-02 5.974570105089226146e+00
7.653926354794880760e-02 5.981350369762325592e+00
7.628562378427375390e-02 5.987957757513632906e+00
7.623402347771060517e-02 5.994199815949840193e+00
7.597047051976943410e-02 6.001143655641095975e+00
7.605922413188689890e-02 6.006737572346987797e+00
7.602828900637606524e-02 6.013592251265023947e+00
7.599416609767799258e-02 6.021014833534421129e+00
7.591543013684055874e-02 6.026722494212276793e+00
7.591598759189893686e-02 6.033559402792859849e+00
7.591264639050897267e-02 6.040100200441091083e+00
7.583007082493860296e-02 6.046520713362369293e+00
7.580764335250729513e-02 6.053241781876553596e+00
7.583222383765726715e-02 6.059780905799943440e+00
7.596506620586966629e-02 6.067004022072661762e+00
7.598288035726083467e-02 6.072752541793195569e+00
7.605457591573451526e-02 6.078373370292907474e+00
7.584301566274082029e-02 6.085177940435596788e+00
7.595788889453543302e-02 6.091047949678142892e+00
7.587717418296664740e-02 6.098089601819411953e+00
7.606530851927396919e-02 6.104442891218958778e+00
7.610133259603005240e-02 6.110701049016935116e+00
7.617584169159681562e-02 6.116768567754626851e+00
7.607242175282528940e-02 6.123827174769297166e+00
7.600874756396708287e-02 6.129900471579258436e+00
7.590026709212932543e-02 6.135823364070990493e+00
7.583449688657079024e-02 6.141947082501880040e+00
7.602481380464512495e-02 6.148103507671429213e+00
7.585660836187332889e-02 6.155066111787366623e+00
7.586838493382278004e-02 6.160868556385947770e+00
7.588602240190626957e-02 6.167414266137205558e+00
7.570750184445640407e-02 6.173748520016738794e+00
7.566391106950715040e-02 6.179539036520456108e+00
7.572307717651483028e-02 6.185607869630588063e+00
7.594778747322039614e-02 6.191188871999513843e+00
7.595975616389938345e-02 6.197408404738746768e+00
7.597563897089112950e-02 6.203396786530060325e+00
7.587447739734126673e-02 6.209904095099371801e+00
7.578145758689046330e-02 6.216558846247309589e+00
7.581430025214147550e-02 6.222973652706158987e+00
7.589823160285436021e-02 6.228709768310478623e+00
7.603017161164705995e-02 6.234362380696442330e+00
7.614200535363066513e-02 6.240472071449646663e+00
7.598440869752545734e-02 6.246415848696862838e+00
7.618104711774260906e-02 6.252820334860430762e+00
7.595452743823896680e-02 6.259200001759030130e+00
7.592044373409675972e-02 6.265073147317302471e+00
7.588367740574375464e-02 6.270430933880500213e+00
7.598721829038070086e-02 6.276411551180332005e+00
7.606181879741633067e-02 6.282045031132430957e+00
7.594864672003451278e-02 6.287815764285404896e+00
7.609106016781475024e-02 6.294145894165337651e+00
7.620027628744360793e-02 6.300026077291108528e+00
7.610120382468818501e-02 6.305183853318768961e+00
7.633197206778731536e-02 6.311291694255923623e+00
7.639186425372494760e-02 6.318341839768947921e+00
7.630617385633156613e-02 6.324178355913974592e+00
7.652117002753752728e-02 6.329789946248535415e+00
7.626783643833695558e-02 6.334857656537338677e+00
7.623735434447199977e-02 6.340529080833904096e+00
7.630233725697704861e-02 6.346257648882968283e+00
7.641957436921797964e-02 6.352514146130783246e+00
7.633073711682157592e-02 6.358581545766898380e+00
7.624788517277855671e-02 6.363810911096831724e+00
7.632441828088874780e-02 6.369469168542113202e+00
7.620680347391156628e-02 6.375313113544530452e+00
7.591935616817299670e-02 6.382064846187129881e+00
7.601982617748416493e-02 6.387793130850163870e+00
7.603508915479698094e-02 6.392978428897982290e+00
7.592965423572207995e-02 6.398872694167961228e+00
7.577556590241063539e-02 6.404356169658798947e+00
7.576289645400136052e-02 6.409899889753292612e+00
7.569783887165291991e-02 6.415858649765564081e+00
7.579074455482814887e-02 6.421492891779958079e+00
7.596969067790096397e-02 6.427623351723423362e+00
7.604336541558552598e-02 6.432029543800658722e+00
7.599796810390821444e-02 6.437839702486510163e+00
7.581968512207633293e-02 6.444097845559595861e+00
7.569792305087674755e-02 6.449438639578249699e+00
7.561598508244057881e-02 6.455371741468936442e+00
7.546001084044520746e-02 6.461347773924335236e+00
7.539725446466800929e-02 6.467496781309835185e+00
7.541580408454229278e-02 6.472745251556608181e+00
7.505439223528666270e-02 6.478821648934597555e+00
7.476635443720591745e-02 6.484282497149335356e+00
7.504030354560151106e-02 6.489611040907616868e+00
7.498879933113188068e-02 6.495305727993256895e+00
7.488485709744512053e-02 6.501151363383060655e+00
7.502521981346599311e-02 6.506272319893123601e+00
7.510259188531054342e-02 6.510545043551410060e+00
7.521058569183296239e-02 6.515525102101142885e+00
7.542971124850272879e-02 6.521410466075708179e+00
7.531590174182996311e-02 6.526793200148889085e+00
7.520790001726138096e-02 6.532313349607248298e+00
7.528851537582458009e-02 6.537199665215035260e+00
7.524074773018572804e-02 6.542608469984458885e+00
7.555432772968435906e-02 6.547449694904122097e+00
7.560898946799737841e-02 6.553071525316386037e+00
7.575896870876788758e-02 6.558505650396038611e+00
7.575009127574404422e-02 6.563477388143510005e+00
7.587750585531059799e-02 6.568296587933406094e+00
7.577792131486718596e-02 6.573731789648497248e+00
7.569045393597358118e-02 6.579169586456093732e+00
7.569538845257672843e-02 6.583708196406853119e+00
7.548680837198003257e-02 6.589126088440323770e+00
7.556885838960188118e-02 6.595113949780906815e+00
7.543767092959967335e-02 6.600551133482962740e+00
7.546010912366940548e-02 6.606442978016693779e+00
7.564356309508266096e-02 6.611905013277357135e+00
7.563493097245918562e-02 6.616740847208726350e+00
7.570714181918010433e-02 6.622488757673573367e+00
7.564333691730992792e-02 6.627511344779746238e+00
7.539611092640569057e-02 6.632960140934610394e+00
7.531649873017370878e-02 6.638688513567550409e+00
7.525306237390827491e-02 6.644532998517153288e+00
7.527539240252544006e-02 6.649780214248790067e+00
7.519136144999542803e-02 6.654804890686432550e+00
7.539728184464346283e-02 6.660272216175373572e+00
7.554544011744659948e-02 6.665486901111333573e+00
7.546638421838852695e-02 6.670808237586287603e+00
7.541430994531067578e-02 6.675936781014142340e+00
7.550234394192306686e-02 6.681871700532791891e+00
7.556750179625530695e-02 6.686779972646998083e+00
7.543282843476041555e-02 6.692520583193137362e+00
7.518619166908448170e-02 6.698378680343579639e+00
7.484115511398994891e-02 6.704773980168448055e+00
7.488413220441089702e-02 6.710251254361006445e+00
7.498547539490327263e-02 6.715933188032726875e+00
7.504483196950113844e-02 6.721275695709986842e+00
7.482838739772273984e-02 6.726464560860883957e+00
7.478850717734177034e-02 6.731856368348264397e+00
7.528057752274060210e-02 6.737019524799146453e+00
7.548215888591346123e-02 6.741647779000726537e+00
7.541468311554666570e-02 6.746172889241870863e+00
7.551312010004010422e-02 6.750599441758200925e+00
7.557466779957548730e-02 6.754967514430265219e+00
7.563778344648136587e-02 6.759830266813417587e+00
7.547863801223808622e-02 6.765025875615641837e+00
7.559542787582956835e-02 6.769452181054435691e+00
7.576494718351611812e-02 6.774044007782596744e+00
7.559089596293772084e-02 6.779464832981047628e+00
7.554733726206198929e-02 6.783909263596449968e+00
7.571875378326135830e-02 6.788864395298466192e+00
7.570010683712935506e-02 6.793186189422157462e+00
7.575976064244155372e-02 6.798310370350001186e+00
7.563879332787892817e-02 6.803060433232363202e+00
7.567742800183353824e-02 6.808284198368472317e+00
7.560353180694401320e-02 6.812889099203170318e+00
7.580269660041988322e-02 6.817972910585677226e+00
7.565145763845960991e-02 6.823452102782302298e+00
7.549536611432873523e-02 6.829085363033085443e+00
7.560320533818656874e-02 6.833794150030476189e+00
7.562462190353178015e-02 6.838613069484138940e+00
7.562228762378787883e-02 6.842940289184420877e+00
7.548423039967300241e-02 6.848482452384875963e+00
7.555933668930750469e-02 6.853044187735099158e+00
7.543985574660184990e-02 6.857351682486042321e+00
7.529327066856048023e-02 6.861968543602309012e+00
7.500509454742143589e-02 6.866956778361410052e+00
7.511106162195015090e-02 6.873164866426022535e+00
7.518399396787350808e-02 6.878381895586175077e+00
7.508013315885787853e-02 6.883349866750507751e+00
7.529735454381902837e-02 6.887834187299663569e+00
7.510564234347198720e-02 6.892705333316778926e+00
7.506661721466084680e-02 6.897632277158733061e+00
7.511595939086042339e-02 6.902334468396826850e+00
7.521856645469905678e-02 6.907751308005601665e+00
7.478194293541508275e-02 6.912816515259227579e+00
7.476450170723908384e-02 6.917374365398162972e+00
7.453787682561288652e-02 6.923279037635402311e+00
7.479161320817616365e-02 6.927283998689587108e+00
7.463500694491928544e-02 6.932416525301314358e+00
7.463852289825415043e-02 6.937338259266412344e+00
7.473292866014361047e-02 6.941612354263874352e+00
7.468088487791327279e-02 6.946037720067692156e+00
7.482496196567951785e-02 6.950797222239970097e+00
7.487601484351896763e-02 6.955142238216172501e+00
7.510231208074445719e-02 6.960071516740967468e+00
7.502398616344231608e-02 6.965317884627798328e+00
7.497077534289509071e-02 6.970173896128722291e+00
7.459968427152723069e-02 6.975477242359561458e+00
7.465711908319451473e-02 6.979807353629754019e+00
7.478384520985081885e-02 6.984113141269215674e+00
7.476814855309124597e-02 6.988601557425993427e+00
7.459588945805219196e-02 6.992957434874242928e+00
7.458720389963342801e-02 6.997853038186581109e+00
7.458390408118999171e-02 7.002415842341656926e+00
7.457603961224769373e-02 7.007357669522743748e+00
7.462269119124208261e-02 7.011261529478988841e+00
7.472435529214212224e-02 7.015953319969979063e+00
7.499142901816162332e-02 7.020773754179542081e+00
7.500258983980860605e-02 7.025148270450810806e+00
7.505834432629307496e-02 7.029524399518820132e+00
7.487344045443122820e-02 7.034173894990805920e+00
7.487393389396564125e-02 7.038496914169610541e+00
7.467434377396003908e-02 7.042959015701655723e+00
7.480383601532411553e-02 7.047467811067672727e+00
7.493964084466257780e-02 7.051879281458814930e+00
7.501192108132034853e-02 7.055750920350932986e+00
7.502954538831213549e-02 7.060402808293776644e+00
7.486791583021086549e-02 7.064498814696160700e+00
7.506248019048164521e-02 7.069535680093822272e+00
7.508073643480378534e-02 7.074287258343703755e+00
7.514495850039122626e-02 7.078901321247266232e+00
7.515684332304189974e-02 7.083770684399958384e+00
7.527603881158774490e-02 7.088012403979398357e+00
7.510990903827703680e-02 7.091840629705657761e+00
7.500583421081244428e-02 7.096378597426959089e+00
7.509905126859081625e-02 7.101145094625208820e+00
7.521152194190178220e-02 7.106037098341449365e+00
7.506962668352533397e-02 7.110451544473450625e+00
7.496776351910310054e-02 7.115251683181892162e+00
7.502358371758380273e-02 7.119963872730664001e+00
7.506577700397190633e-02 7.123978021507649139e+00
7.494808923304480119e-02 7.128732514647110108e+00
7.491968946495383697e-02 7.132898823759406426e+00
7.476945025763297170e-02 7.138036408708430258e+00
7.500274525622763200e-02 7.141926719079017438e+00
7.488908429761688412e-02 7.147194728214960158e+00
7.477612154719208426e-02 7.151795110307710424e+00
7.465378449121513882e-02 7.155710167643027475e+00
7.465956825349893966e-02 7.160013398782384186e+00
7.447102707529472398e-02 7.164524463897264717e+00
7.440529384423937020e-02 7.168936144679697975e+00
7.459807489896794208e-02 7.172805940081547149e+00
7.451209629304569870e-02 7.176426563112793922e+00
7.430348310500142772e-02 7.181253288336209017e+00
7.433314154545349328e-02 7.185915603477869951e+00
7.433118120012348340e-02 7.190431692020162302e+00
7.432371949038610315e-02 7.194899958344052493e+00
7.437300007954650294e-02 7.199254050853773457e+00
7.448431945757530426e-02 7.203550728898590272e+00
7.473811855455483877e-02 7.208596288122345541e+00
7.467107691283632331e-02 7.213052261431355028e+00
7.449172285690169870e-02 7.217491512352487426e+00
7.439646836233124172e-02 7.222050698971548499e+00
7.411710426828850562e-02 7.226379412733680674e+00
7.401641474705676627e-02 7.230923167109097882e+00
7.365349466879120288e-02 7.235512554616927439e+00
7.354935526028107129e-02 7.240556121688427993e+00
7.352436350043672908e-02 7.244497801170228790e+00
7.356748169192912912e-02 7.249057105946642210e+00
7.345482211562888442e-02 7.252673778363540436e+00
7.338647772096455746e-02 7.257331859262158957e+00
7.314044483016590714e-02 7.261907360497518837e+00
7.301009931346241766e-02 7.266405213034506261e+00
7.292295716183398724e-02 7.270563357332971322e+00
7.317010616424510228e-02 7.274711458491943894e+00
7.322697724990423485e-02 7.278227841119698560e+00
7.333536256458815517e-02 7.282918055263129631e+00
7.321223481176164505e-02 7.286717233302654861e+00
7.326981067581823936e-02 7.290584673587034104e+00
7.322824781557737972e-02 7.294888293529488976e+00
7.335553030210587022e-02 7.298735831046648137e+00
7.310736596752649696e-02 7.302889124026642698e+00
7.323723870547690917e-02 7.306952697055907997e+00
7.312479623993255184e-02 7.311289763387773810e+00
7.324771925463947897e-02 7.315324379444708924e+00
7.320644982504678766e-02 7.320251041179407281e+00
7.324808334531472676e-02 7.324340077777791613e+00
7.319347465141427811e-02 7.329007321029290090e+00
7.319153341510195587e-02 7.333697846492985839e+00
7.332190361568324821e-02 7.339034904938124271e+00
7.317954400205352317e-02 7.342717379328738581e+00
7.343616266954113014e-02 7.347335574017214377e+00
7.339495172152002422e-02 7.352118044974198519e+00
7.371497220314912613e-02 7.356017569483661589e+00
7.383263249180407883e-02 7.359412699455944562e+00
7.393665679052459361e-02 7.364054523530469076e+00
7.413549798146007452e-02 7.367656744095941512e+00
7.400101224517537102e-02 7.372542540189397364e+00
7.374101340371175262e-02 7.377736694235414561e+00
7.368463897226698589e-02 7.382019157355214745e+00
7.375875673631443474e-02 7.386432827569922033e+00
7.384646434189605368e-02 7.390343009624145587e+00
7.409987195604827992e-02 7.394643271296298614e+00
7.409111034659245087e-02 7.398273948022594304e+00
7.407688103100061594e-02 7.401996442695291556e+00
7.401786258573435362e-02 7.405961729104954649e+00
7.392878594455545849e-02 7.410461125419156581e+00
7.383797002097639006e-02 7.414959767050484984e+00
7.386311129247270790e-02 7.417942530273568202e+00
7.389964102910866195e-02 7.422003236897930734e+00
7.402344932072268957e-02 7.425909261731522548e+00
7.390726815619032275e-02 7.430776008572376412e+00
7.403725893902930733e-02 7.435064353532970571e+00
7.393791391097583043e-02 7.439770629799051349e+00
7.402580274782233349e-02 7.443303500220348035e+00
7.401099213258230392e-02 7.447729763956745686e+00
7.393970101776935200e-02 7.451806021700313032e+00
7.408992196370738081e-02 7.456168525069962527e+00
7.411854014574494054e-02 7.460301701457029644e+00
7.426488370449224607e-02 7.464286533714105332e+00
7.419602769922971353e-02 7.468226879194975965e+00
7.405331157522575258e-02 7.472276310522078191e+00
7.416456897893991540e-02 7.476079258558086416e+00
7.405979351663634358e-02 7.480621460511192033e+00
7.395651973980355010e-02 7.484570981538681167e+00
7.405918121795743159e-02 7.487754783432568395e+00
7.411253229418278410e-02 7.492359147786562978e+00
7.387677625789573765e-02 7.496980060788174249e+00
7.392674047650651947e-02 7.500731539878103149e+00
7.399141959264766977e-02 7.504672997588261119e+00
7.409619412959037033e-02 7.508923145800210364e+00
7.409443584966121654e-02 7.512977034463872883e+00
7.395675031102176555e-02 7.517579881693538191e+00
7.393683540302464774e-02 7.521869142958491850e+00
7.376962648985693760e-02 7.526368676516247191e+00
7.369300684309978977e-02 7.530216983899882699e+00
7.353614980409309276e-02 7.534607897522674236e+00
7.355665924554873059e-02 7.538110494998736755e+00
7.365420524794881463e-02 7.541601598950578023e+00
7.343662311478535432e-02 7.546168207798267247e+00
7.363962268182031035e-02 7.550297889472895818e+00
7.333745959116504121e-02 7.553951800201837763e+00
7.307653894442871223e-02 7.557719799840976194e+00
7.285751655563486862e-02 7.562804820121066030e+00
7.311779304030360804e-02 7.566925321984782293e+00
7.297962801041806002e-02 7.570854884457590472e+00
7.307593598739899055e-02 7.574360658567502291e+00
7.304066862993251197e-02 7.578699756188727932e+00
7.303313347791361154e-02 7.582681969347261131e+00
7.301692921810533365e-02 7.586267594584633400e+00
7.283899129180740339e-02 7.590226078447751767e+00
7.273487957949259508e-02 7.594088828357443255e+00
7.264326896480412243e-02 7.597425619589895263e+00
7.267187539687662567e-02 7.601154909031095919e+00
7.271776845397746880e-02 7.605224648466700543e+00
7.269496619670286208e-02 7.609558572722476377e+00
7.291194800403576204e-02 7.613534692334969378e+00
7.297765370228419257e-02 7.616928104944459044e+00
7.307188687055504728e-02 7.621075709690939171e+00
7.296653784370911444e-02 7.624966240482336843e+00
7.291266675743100778e-02 7.628720211969919340e+00
7.292838888872080205e-02 7.632962997210618994e+00
7.282107545227266276e-02 7.637590338522593392e+00
7.296749870071730926e-02 7.641329473875490663e+00
7.311951857986619119e-02 7.644908881924799893e+00
7.321446720691821008e-02 7.648770706609018255e+00
7.310102766003200025e-02 7.652592336909729731e+00
7.301971651407222763e-02 7.656458560991654672e+00
7.302451074568377942e-02 7.660791714491697491e+00
7.291942478395871396e-02 7.665004091389275409e+00
7.280911198609085755e-02 7.669147869636566028e+00
7.305190238553037341e-02 7.672516600637244721e+00
7.295780661691619873e-02 7.676442402602316584e+00
7.291865252779944351e-02 7.681025704523276154e+00
7.301978939391864931e-02 7.685113872345920250e+00
7.280115803763985427e-02 7.689555342377516922e+00
7.281133609104314952e-02 7.693726847290929705e+00
7.294331443343161914e-02 7.697815297241317190e+00
7.283512284519459701e-02 7.701782463051456418e+00
7.291136647012490257e-02 7.705196626609857269e+00
7.286800207941344920e-02 7.709054462206222702e+00
7.297005607155103435e-02 7.712111933147711262e+00
7.303598078365027002e-02 7.717191988877963205e+00
7.304288029794266113e-02 7.721608132898889920e+00
7.329112019623913732e-02 7.725174409192999470e+00
7.304836877974686671e-02 7.729844356257252080e+00
7.305857938081623815e-02 7.733175068127210672e+00
7.302762144586204263e-02 7.736411619768616355e+00
7.325379173419224732e-02 7.739558931884550574e+00
7.304442946662834113e-02 7.743277011940684851e+00
7.302706762634157689e-02 7.746836825738861343e+00
7.307339730973033687e-02 7.751429575519627413e+00
7.301628811525430474e-02 7.755078794230667150e+00
7.317273181000531757e-02 7.758595494823017802e+00
7.326559367131947609e-02 7.762385661397443570e+00
7.369184759521589523e-02 7.765784189496234724e+00
7.357329480415453205e-02 7.769683399948836389e+00
7.345342010812452860e-02 7.773454367129826181e+00
7.335504640566681278e-02 7.777255094601629004e+00
7.341326412269369439e-02 7.781692123797347982e+00
7.354783943255344125e-02 7.785357232557710283e+00
7.360529644603008848e-02 7.789022522471452881e+00
7.343087892763888735e-02 7.792725741382167115e+00
7.366811182683094539e-02 7.796405432422717219e+00
7.368233851233702003e-02 7.800533296132494243e+00
7.354219278957667416e-02 7.804485199754618741e+00
7.339982775299157269e-02 7.808475737598548072e+00
7.306682911853137896e-02 7.812805009319450100e+00
7.321412959409133447e-02 7.816305104618708199e+00
7.300099512262110679e-02 7.819671818721139367e+00
7.306239447551925170e-02 7.823935025103772922e+00
7.303228759282245908e-02 7.827486573179000651e+00
7.326639903560275280e-02 7.831746202781697086e+00
7.326979963769118809e-02 7.835861621548422917e+00
7.348217861315653465e-02 7.839619484874845945e+00
7.322845516476032823e-02 7.842976095639747847e+00
7.323647811980449340e-02 7.846520105562995617e+00
7.285621030085098759e-02 7.850547742814913299e+00
7.284437066029626762e-02 7.853823451909310194e+00
7.278807188169469922e-02 7.857216151140239191e+00
7.280655988009833435e-02 7.860439425233154864e+00
7.293247300833334557e-02 7.863900006036162793e+00
7.303015990473098185e-02 7.867565041050869290e+00
7.315750843718667185e-02 7.870819537636116081e+00
7.308274412478130144e-02 7.874511104939913686e+00
7.306581193620366454e-02 7.877759021144862039e+00
7.325699906138360973e-02 7.881256323410180897e+00
7.348509428128030541e-02 7.884149974011032569e+00
7.338705508158964441e-02 7.887492953770751214e+00
7.355574274976607596e-02 7.891879231517053839e+00
7.348808666397078915e-02 7.895824865388677338e+00
7.351743761836183888e-02 7.899276261648025432e+00
7.350018025271977395e-02 7.903296053093668228e+00
7.352170658458059838e-02 7.906547073084492006e+00
7.356462928241384869e-02 7.909902426120866359e+00
7.393258715279724114e-02 7.913247780303335865e+00
7.410047118907786556e-02 7.916652541513654384e+00
7.426485861384267417e-02 7.919670288562484117e+00
7.442119400223906611e-02 7.923401556412132507e+00
7.427171255135964212e-02 7.927320626241628254e+00
7.434597669911113815e-02 7.930911632381086207e+00
7.421626455386329257e-02 7.934245220918996644e+00
7.438303194773605853e-02 7.938226684966290136e+00
7.437453316353817567e-02 7.941599958233492629e+00
7.433169525195786054e-02 7.944328390366234061e+00
7.428278027091234081e-02 7.948212131934894842e+00
7.388161685942262746e-02 7.951967280606321964e+00
7.407471227122790214e-02 7.955595558317321014e+00
7.386563871362347711e-02 7.958659503805517232e+00
7.385894753448775385e-02 7.962213339229839093e+00
7.370073120270502487e-02 7.965702979691962504e+00
7.387496080911407081e-02 7.969323419283471210e+00
7.375476377585658827e-02 7.972829567876051016e+00
7.358916924978016472e-02 7.976643851869444468e+00
7.330373221911029580e-02 7.980629536153633907e+00
7.316192151165581969e-02 7.984525964206480531e+00
7.305696573616349276e-02 7.987855863706762705e+00
7.347333066036554339e-02 7.991528196841072962e+00
7.304661162969969257e-02 7.995272717655605987e+00
7.313637129579778073e-02 7.999560489889339543e+00
7.280878092719013372e-02 8.002902165549656388e+00
7.287939173282141636e-02 8.006640112548721433e+00
7.303935514613088542e-02 8.009794730688890141e+00
7.314911602932015755e-02 8.013553583641613187e+00
7.291469540276392103e-02 8.017292108014242302e+00
7.321544651854505759e-02 8.021525325911591509e+00
7.307054529235748608e-02 8.024782937704710406e+00
7.313195521990502324e-02 8.028526711158649576e+00
7.313060077627821232e-02 8.031747647035594184e+00
7.327353325967407571e-02 8.034907696676016897e+00
7.306899545140768670e-02 8.039126969196288996e+00
7.312407273833329557e-02 8.042589796704895377e+00
7.305374312857627894e-02 8.046603074639479658e+00
7.296995847377005240e-02 8.050168676883275864e+00
7.290973314976570419e-02 8.053759004744437178e+00
7.288826474599205407e-02 8.057129392658024969e+00
7.302041504005897521e-02 8.059980373123766029e+00
7.292875057337983025e-02 8.063460574539004000e+00
7.316343109311451709e-02 8.066306395304041033e+00
7.334620965762582434e-02 8.069442342331194951e+00
7.318534479007883509e-02 8.072411007810293526e+00
7.315268278661546386e-02 8.075736961201190667e+00
7.332129100553611001e-02 8.078859305139985736e+00
7.332868617100675446e-02 8.082353853486507589e+00
7.339724356402550776e-02 8.085827929841697070e+00
7.326504209334464002e-02 8.089677534949750282e+00
7.341738538572481487e-02 8.093110246812935671e+00
7.330182705609793181e-02 8.096503801518315058e+00
7.334249038011662891e-02 8.099345936875307572e+00
7.340203364062136693e-02 8.102919599529469608e+00
7.303724944107971295e-02 8.106625028476408090e+00
7.306161271181964290e-02 8.109546314677679391e+00
7.321416220193252555e-02 8.112797161363062060e+00
7.327089337141876046e-02 8.116242260356223426e+00
7.315790157408601224e-02 8.119465698901164430e+00
7.361627792267121106e-02 8.122634819724900979e+00
7.370625368738167871e-02 8.126333286308746295e+00
7.370670008255700290e-02 8.129763309060788146e+00
7.362228880059489000e-02 8.132762558711545964e+00
7.362730248395737975e-02 8.136375975878401334e+00
7.343636622777599543e-02 8.140432468342893912e+00
7.331141014025253921e-02 8.143550169630682234e+00
7.340397172136023385e-02 8.146765750084522750e+00
7.332688763612900396e-02 8.149929371597506744e+00
7.328148421928493139e-02 8.153040635514560819e+00
7.338941213004010478e-02 8.156583438043499612e+00
7.321787804872897931e-02 8.159704302027103395e+00
7.313369080706441649e-02 8.163034322989663139e+00
7.335128580769269269e-02 8.166826342794808014e+00
7.344105964529992758e-02 8.170182352607062271e+00
7.362089915465050427e-02 8.173536712481336508e+00
7.355305554762377185e-02 8.177454170461293970e+00
7.326744327831630210e-02 8.181147180581342937e+00
7.327541363862152823e-02 8.184698908191290201e+00
7.300225828780082526e-02 8.188702139505464217e+00
7.305023764901773242e-02 8.192085171850658654e+00
7.343435417003882359e-02 8.195595620544278148e+00
7.350537483192673416e-02 8.198865329968819893e+00
7.326443899356002709e-02 8.202622020327668295e+00
7.333973559716568114e-02 8.205247552929668231e+00
7.345425263718234621e-02 8.209187281552273063e+00
7.293096519748010209e-02 8.213208960097615474e+00
7.280582808836186248e-02 8.216642568046340855e+00
7.310555629509248032e-02 8.219281647778142741e+00
7.309814071534609381e-02 8.222414991567072562e+00
7.308147072629259111e-02 8.224799335401414169e+00
7.340180414140029530e-02 8.227345537686655774e+00
7.352281607669627905e-02 8.230692783327615558e+00
7.348873660078228398e-02 8.234227976430611662e+00
7.379891595875955057e-02 8.237026184360576764e+00
7.369446974327648059e-02 8.240615344709240730e+00
7.362211959493965285e-02 8.243809121334784606e+00
7.355687872326970023e-02 8.246326903017768828e+00
7.371848990027200788e-02 8.250054832423677098e+00
7.340517393978419902e-02 8.254200664479562022e+00
7.345175251585325804e-02 8.257985591002821479e+00
7.349835889455640092e-02 8.260464758770471150e+00
7.331810086560539008e-02 8.264116109799855892e+00
7.345188718787318272e-02 8.266996692927683910e+00
7.351416442854633027e-02 8.270679458114006621e+00
7.368555860101284882e-02 8.274286889583738258e+00
7.343003333366338037e-02 8.277805379165258159e+00
7.359683496610719411e-02 8.280967839444308254e+00
7.351807043820959842e-02 8.284113154076697683e+00
7.350971903305134059e-02 8.287636130671232948e+00
7.338236509344246705e-02 8.290668582887640525e+00
7.333060683376860234e-02 8.293892869934254009e+00
7.367531159550536057e-02 8.296943788880801307e+00
7.380257519804600541e-02 8.299567922215413063e+00
7.377459372559826145e-02 8.302920196350974891e+00
7.372482704642946416e-02 8.305732912814454139e+00
7.364919803707715984e-02 8.308995878360972753e+00
7.363878967205786386e-02 8.311527592111275453e+00
7.368021999073050277e-02 8.314893797579694379e+00
7.358883463838987449e-02 8.318041288837070724e+00
7.365644022091681620e-02 8.321132050261910607e+00
7.354216343109257203e-02 8.324792883017304135e+00
7.346959119577817221e-02 8.327702441819159418e+00
7.352901444883003235e-02 8.330793206598482215e+00
7.351343823357953111e-02 8.334198415175752217e+00
7.354434418182856370e-02 8.337071031096897400e+00
7.349430739160085768e-02 8.339678668555828622e+00
7.339044235023758911e-02 8.342369286196232636e+00
7.376687444595581011e-02 8.345779977645168657e+00
7.331555311740166336e-02 8.349615528755386151e+00
7.302914997811801867e-02 8.353293954826531476e+00
7.271028407057404663e-02 8.356714229538475536e+00
7.269738112395728036e-02 8.360001142908693339e+00
7.271719353644127970e-02 8.362518449289881417e+00
7.264605216162287049e-02 8.365322254237469224e+00
7.267545432757517576e-02 8.369667498734802535e+00
7.258615754230789141e-02 8.372902063121916427e+00
7.274038451856888743e-02 8.376350611967430027e+00
7.284928980497847040e-02 8.379484507080345423e+00
7.294013959178206885e-02 8.382630887161795386e+00
7.285186355706865791e-02 8.385355558904032947e+00
7.299592357968444356e-02 8.388270877729464559e+00
7.283853212489350970e-02 8.391294476753957454e+00
7.299269510835679209e-02 8.394895783409770829e+00
7.306971260202971274e-02 8.397356276036866518e+00
7.287827697778490044e-02 8.400874439652175951e+00
7.294392530004030484e-02 8.403958761872901917e+00
7.293309502090444818e-02 8.406953170290337951e+00
7.283771012877159057e-02 8.410502515084582242e+00
7.274157166964828614e-02 8.413806297706740267e+00
7.274207837098906060e-02 8.416814176137929593e+00
7.274959773358231907e-02 8.419623001948485452e+00
7.268224309246212878e-02 8.423472382075631870e+00
7.272330394186256319e-02 8.426554808644389993e+00
7.252197828739918861e-02 8.429906627034558397e+00
7.234785785245212431e-02 8.433049713861322516e+00
7.246375595397250291e-02 8.436000243867583848e+00
7.237283173679857906e-02 8.438901036374872433e+00
7.234823531185295697e-02 8.442433845632097089e+00
7.215344729293837744e-02 8.445738688271088535e+00
7.206279744945436050e-02 8.449148624442113231e+00
7.217931206536382094e-02 8.451987021839645564e+00
7.235883672282511503e-02 8.455247132649516217e+00
7.254786821689364340e-02 8.457592059007561502e+00
7.230907854977136617e-02 8.460752197832292154e+00
7.222527513648019371e-02 8.464393679401482018e+00
7.237149074261073345e-02 8.468812954419773220e+00
7.247903887416083657e-02 8.471648110730024328e+00
7.233304638051174518e-02 8.474785762931317024e+00
7.245782813882201134e-02 8.478279883492508162e+00
7.232502905761932499e-02 8.481426073541607380e+00
7.242994751798452480e-02 8.483854988796919017e+00
7.228053806627196543e-02 8.486558798170340978e+00
7.237962772427514180e-02 8.489762175983297965e+00
7.227669739479194999e-02 8.493366312294556408e+00
7.214531456504157114e-02 8.495751726493635303e+00
7.209986687728131560e-02 8.498911943894805532e+00
7.200401911338996652e-02 8.502176046023061318e+00
7.206425481617123596e-02 8.505637506153018279e+00
7.204906259651773504e-02 8.508787844881146256e+00
7.188395947467743352e-02 8.512634308110294867e+00
7.150965491421584774e-02 8.515874694910099407e+00
7.151715229116702155e-02 8.519172152402745724e+00
7.166635784764001371e-02 8.522604946276112869e+00
7.179231544515188301e-02 8.525238926917857896e+00
7.187532431014824474e-02 8.527719716996214672e+00
7.185025872632026800e-02 8.530227131385865746e+00
7.164521672311176259e-02 8.532985709904098215e+00
7.161826464212073251e-02 8.536692589746047943e+00
7.155569176527458441e-02 8.539848297079826622e+00
7.157753073751638162e-02 8.543165215128707857e+00
7.160438234476322605e-02 8.546711815841714355e+00
7.137961895722572114e-02 8.550704285538847316e+00
7.116727253097193673e-02 8.553906290871713836e+00
7.115009030844719751e-02 8.557191117525203339e+00
7.130405263195223331e-02 8.560216195194961131e+00
7.137249752856152096e-02 8.562895583834805535e+00
7.141543753920702453e-02 8.566655360625841098e+00
7.124844372481840826e-02 8.570129951793795442e+00
7.128512000936823578e-02 8.573190349125509258e+00
7.129875466700480446e-02 8.576847140564966665e+00
7.128875709870720334e-02 8.580034481183924200e+00
7.160406407290802189e-02 8.583506326158016009e+00
7.183180676530719067e-02 8.586688121731375745e+00
7.212151166606965702e-02 8.589363304412348299e+00
7.216835165451537804e-02 8.592990428433944672e+00
7.214454656710407587e-02 8.595472723651294444e+00
7.243195522122419794e-02 8.598378323240995158e+00
7.239319930303485251e-02 8.602190973335261504e+00
7.237502640618677374e-02 8.604552800605473450e+00
7.261213415966107088e-02 8.607427053124826699e+00
7.252878398670747906e-02 8.610425108192254484e+00
7.252868620479725748e-02 8.613773112954332234e+00
7.253531217639869189e-02 8.616996417491451510e+00
7.251566936232438365e-02 8.620709678746230509e+00
7.224733005750670622e-02 8.624137108340962143e+00
7.232156398083533499e-02 8.626753610570956354e+00
7.251622219056556851e-02 8.629618540702967522e+00
7.256267899575546965e-02 8.632665991063200650e+00
7.253266687738228746e-02 8.635894617037875420e+00
7.269926757801747907e-02 8.638686473863474546e+00
7.262918136815608994e-02 8.642500735261801736e+00
7.248959412408152725e-02 8.645760232826575020e+00
7.234902814606040955e-02 8.648766350705074046e+00
7.228776839571530999e-02 8.651379360641609395e+00
7.242731187613463129e-02 8.654167784731756186e+00
7.247829088364932115e-02 8.657040630482839560e+00
7.243481244040342326e-02 8.660007784157794930e+00
7.258318977574611253e-02 8.662884887252575439e+00
7.225956976565083012e-02 8.666210371177580640e+00
7.227090444629245825e-02 8.669230560809452868e+00
7.238455606235814910e-02 8.671736711243166695e+00
7.238520859584256228e-02 8.674794538575023140e+00
7.228052132276638342e-02 8.678122693777149621e+00
7.204161023014801768e-02 8.681440120828078477e+00
7.220947362469966324e-02 8.684060881002675814e+00
7.232178092562489835e-02 8.687092325102804935e+00
7.250668764750495265e-02 8.689502174944488289e+00
7.240676829047852647e-02 8.692178416551596953e+00
7.220392937038587478e-02 8.695367115743504627e+00
7.224028520944170140e-02 8.698726112266944810e+00
7.223944833270024013e-02 8.701085591646478434e+00
7.250668779151603349e-02 8.704414679605374516e+00
7.254411415391506801e-02 8.706558044909030514e+00
7.245509273229608360e-02 8.709345241046747788e+00
7.228128820005937094e-02 8.712760182367647488e+00
7.209681365469745862e-02 8.715820022155678970e+00
7.196066271121447089e-02 8.719435278451850735e+00
7.176321599492666015e-02 8.722488751879847513e+00
7.138497953864839096e-02 8.725520225397225715e+00
7.147652775955967708e-02 8.728435325283520285e+00
7.160108900791814501e-02 8.731313681737972843e+00
7.151810675700744080e-02 8.733935875344945643e+00
7.156796132097878460e-02 8.736989802650787951e+00
7.141277347703443856e-02 8.740011838839052416e+00
7.137910540076489174e-02 8.743096628629428935e+00
7.122095603489328464e-02 8.746043570421756286e+00
7.120232641468121626e-02 8.748803504154865962e+00
7.110641471388759460e-02 8.750899448643600920e+00
7.129859246829144126e-02 8.753828041668111126e+00
7.124791930128597517e-02 8.757795349455346212e+00
7.100464262280856143e-02 8.760837604429072556e+00
7.096928866066186392e-02 8.763414916928121912e+00
7.099252895616185721e-02 8.766845507031051810e+00
7.127273326529444397e-02 8.769895014008543654e+00
7.095756702441051444e-02 8.773685948214588137e+00
7.084548380272361057e-02 8.775992252884277534e+00
7.065896919766757878e-02 8.778731268419518230e+00
7.084108019257780164e-02 8.781948340975006317e+00
7.067358266185085058e-02 8.784651295913109337e+00
7.045243360365198437e-02 8.788406061914850298e+00
7.061384054351287076e-02 8.791017842966097007e+00
7.058087183125558162e-02 8.793877649832749555e+00
7.060940171419249900e-02 8.796783188521853702e+00
7.083729415881886982e-02 8.799357769747016889e+00
7.107135812724471591e-02 8.802064934774824323e+00
7.093428893195237450e-02 8.805088956118250820e+00
7.123562697484217554e-02 8.807982593524787518e+00
7.134188599960074317e-02 8.810654712604479855e+00
7.126444978138518627e-02 8.813048542863731072e+00
7.110140088269191472e-02 8.816158324662326962e+00
7.123115646525439437e-02 8.819421716355707375e+00
7.130428795827838118e-02 8.822256345803191735e+00
7.153204057111069158e-02 8.824749962112763413e+00
7.141740638923402273e-02 8.827571414118155602e+00
7.126878503430660039e-02 8.830461332468106050e+00
7.154898619222915812e-02 8.832755750040377052e+00
7.121587305341553487e-02 8.836358776145711857e+00
7.102163257877713853e-02 8.838938503439768724e+00
7.089794092848868134e-02 8.841760184911970910e+00
7.071731816137274973e-02 8.844852273085074046e+00
7.065191154031390253e-02 8.848076502492070006e+00
7.084521560347145641e-02 8.850829752237142856e+00
7.112671094926799331e-02 8.853517880592377765e+00
7.079696830033947730e-02 8.856877034758124267e+00
7.083200800071010050e-02 8.860396670158372956e+00
7.072147501069886433e-02 8.862844647082544824e+00
7.096767939984262308e-02 8.865278214799479528e+00
7.086089271970878734e-02 8.868225803703305488e+00
7.089376563318240676e-02 8.871231146635288667e+00
7.131573166071765446e-02 8.874470801312320134e+00
7.153430659553293436e-02 8.877999609232308131e+00
7.147008886390933402e-02 8.880760011564328593e+00
7.135000009165608226e-02 8.883775851434004167e+00
7.171401487031961453e-02 8.886433000679840433e+00
7.205451896044420823e-02 8.888520608977390935e+00
7.213949628951918380e-02 8.891606840274953072e+00
7.213377621172184506e-02 8.893916476122617709e+00
7.203863097863470732e-02 8.896871852834546957e+00
7.219893925893974829e-02 8.899077465037038337e+00
7.232986012192677006e-02 8.902099197375600070e+00
7.255652294192270479e-02 8.904761355984103233e+00
7.234169599411607865e-02 8.908144529285904056e+00
7.218461729122964410e-02 8.910588563997903222e+00
7.217219773048624831e-02 8.913245234242115345e+00
7.226369879009662822e-02 8.915747715614157798e+00
7.235803179405557450e-02 8.918149069583995114e+00
7.219495964483764461e-02 8.921214501950995412e+00
7.203188412895650261e-02 8.923966351717375289e+00
7.210473766967920306e-02 8.926591794565815974e+00
7.204288742111129851e-02 8.929873404058685793e+00
7.229743018552606260e-02 8.932320259433446097e+00
7.251932106501871034e-02 8.935086907602608264e+00
