0.000000000000000000e+00 5.000000000000000000e+00
-2.176813061889467105e-01 4.957730819750932660e+00
-5.279736731343322997e-01 4.861618885592802641e+00
-9.551215013751599425e-01 4.766289423393350155e+00
-1.156664058484434543e+00 4.713109815332582109e+00
-1.363619968871814692e+00 4.611584623670445637e+00
-1.502342745914819089e+00 4.543085815476159972e+00
-1.570090768782079982e+00 4.438550240788026180e+00
-1.597565769959822246e+00 4.414977663278272679e+00
-1.671431178495260017e+00 4.444053264747936716e+00
-1.621244853068409153e+00 4.381292380381187179e+00
-1.622295981380063257e+00 4.372811183319317507e+00
-1.661204300319407023e+00 4.355651746276850034e+00
-1.683500894630971079e+00 4.316598170526513734e+00
-1.723948785004910667e+00 4.244855649133794095e+00
-1.728637259722827224e+00 4.212210283833077717e+00
-1.761657208450188694e+00 4.232101202960549813e+00
-1.760337210773996519e+00 4.190524039263806344e+00
-1.782065091345150121e+00 4.177726567086351039e+00
-1.781418514506647677e+00 4.109689627002750534e+00
-1.767910550849085327e+00 4.000539373917463060e+00
-1.778384794959022797e+00 3.983948313022923404e+00
-1.777873599787232139e+00 3.969896860619646528e+00
-1.771998074043271920e+00 3.884814039680188902e+00
-1.752977908433278165e+00 3.864505803875625034e+00
-1.774636569080479953e+00 3.846582679729823262e+00
-1.818268707584481669e+00 3.891049811149548621e+00
-1.764605223208842055e+00 3.795357283708844509e+00
-1.764879667628929116e+00 3.794189665754552188e+00
-1.759457968263829608e+00 3.789788414973489505e+00
-1.765764226358416789e+00 3.761006653605299288e+00
-1.813269744945963824e+00 3.768485699814517087e+00
-1.801677533257255881e+00 3.741157904620988184e+00
-1.821929465973997742e+00 3.715935819219926550e+00
-1.820660564776665380e+00 3.684701471209550050e+00
-1.844768621132703901e+00 3.616653936959963289e+00
-1.860425262165966043e+00 3.587817523186388691e+00
-1.829376002749092178e+00 3.556911895490661557e+00
-1.811206242742309902e+00 3.435339540669826608e+00
-1.824814993644697791e+00 3.419414431903925689e+00
-1.859549294457860658e+00 3.380167272790052468e+00
-1.921673449640814324e+00 3.382105492887476306e+00
-1.908513923408212687e+00 3.370517309145707241e+00
-1.908785737261313731e+00 3.350435185074245759e+00
-1.917340182343138411e+00 3.348630544645406104e+00
-1.954479746583581257e+00 3.387279508543240336e+00
-1.972389293334513072e+00 3.398294969286631773e+00
-1.964061282428959831e+00 3.411923882874302816e+00
-1.959710707286154818e+00 3.401232694890782060e+00
-1.925023599738628688e+00 3.382749925968583593e+00
-1.926655777535500214e+00 3.383165288938804860e+00
-1.861794914720783511e+00 3.354014179949834418e+00
-1.906584255343816814e+00 3.377365819575215422e+00
-1.898339564311505301e+00 3.368865821506172420e+00
-1.891484465669305726e+00 3.369884045693832153e+00
-1.930576776810172701e+00 3.377201527280332627e+00
-1.919898405663190033e+00 3.369906947513153117e+00
-1.902111042445161271e+00 3.361779089408881482e+00
-1.893000423179707514e+00 3.357495823768919863e+00
-1.900803794085247800e+00 3.346969392053747772e+00
-1.921196029979478581e+00 3.365739280886277385e+00
-1.930297901234006908e+00 3.352846180872738113e+00
-1.892226080800646359e+00 3.327897935975189903e+00
-1.889129648725837773e+00 3.321839991741688980e+00
-1.880122520583494827e+00 3.317119734530602937e+00
-1.855551869405586141e+00 3.308264423113417063e+00
-1.851063908734241092e+00 3.302271552745266181e+00
-1.836149789514145425e+00 3.296082096490813296e+00
-1.807690362368713721e+00 3.289670860184868761e+00
-1.809654890791853932e+00 3.273638079564610504e+00
-1.824888793290613709e+00 3.215617660542001932e+00
-1.823444218859008314e+00 3.213038648760396132e+00
-1.822965998213302408e+00 3.213002911871928990e+00
-1.831975785510081556e+00 3.212721586480009606e+00
-1.819496884372549639e+00 3.123515061768010970e+00
-1.813987090426702142e+00 3.109351618871707412e+00
-1.813508414743881580e+00 3.109061731252287686e+00
-1.789724837141927427e+00 3.105123511340640796e+00
-1.750450510006170468e+00 3.124153415151479596e+00
-1.764757206463315242e+00 3.116863823694529412e+00
-1.764708895595056504e+00 3.120108395637259502e+00
-1.726802153488258273e+00 3.076207657071038160e+00
-1.730741452425907934e+00 3.073438043077912241e+00
-1.740552038794422884e+00 3.055458476699630666e+00
-1.733068961442374434e+00 3.048204963271358370e+00
-1.704535993523953241e+00 3.006903444363174582e+00
-1.669908467821508369e+00 2.990430192370632678e+00
-1.677671469268964710e+00 2.985876759911148426e+00
-1.674633664661748345e+00 2.977199234487702295e+00
-1.703303423815081263e+00 2.972691494922271804e+00
-1.699350257296508460e+00 2.954487325257760588e+00
-1.694273441918329182e+00 2.952954868924187792e+00
-1.655696588655347190e+00 2.930481871386199977e+00
-1.665934918864337755e+00 2.920932022484691082e+00
-1.615661167348630300e+00 2.877627411561879622e+00
-1.633043910787710606e+00 2.831445895552012093e+00
-1.637556324776215044e+00 2.837997309949585656e+00
-1.622316620487209926e+00 2.800272584876486892e+00
-1.611484600515816767e+00 2.792388879958757286e+00
-1.551062939655368567e+00 2.725173345925796298e+00
-1.557641734632614128e+00 2.685827693759294643e+00
-1.577217245199027174e+00 2.694079715160431210e+00
-1.559510489473866057e+00 2.666455108433547494e+00
-1.559507972634822659e+00 2.666494798337635252e+00
-1.568019009514262319e+00 2.611219264921601280e+00
-1.578191454022672913e+00 2.617570984700800629e+00
-1.595340173366592174e+00 2.616929900258700314e+00
-1.567083774353324799e+00 2.636183013057860069e+00
-1.542456570065135812e+00 2.624471402205599713e+00
-1.541706710639403122e+00 2.624199735546075551e+00
-1.544487838361794818e+00 2.610231687088791830e+00
-1.551138419740799579e+00 2.617503827342037237e+00
-1.556215054041628854e+00 2.634448783623430934e+00
-1.583165980625819147e+00 2.645389597351974764e+00
-1.560274871071666958e+00 2.623321645128444679e+00
-1.537243515144443906e+00 2.558566103860712371e+00
-1.528368956204223306e+00 2.550813650310605141e+00
-1.527153615465609127e+00 2.526452919209039916e+00
-1.509538123458238346e+00 2.500926935424324427e+00
-1.497542375865431152e+00 2.483161640955663607e+00
-1.505464938398872743e+00 2.463858490093270515e+00
-1.504864843232503135e+00 2.472546843376234094e+00
-1.486761796398095692e+00 2.428651297345228777e+00
-1.485781965203431199e+00 2.421324702654201744e+00
-1.466102283030864761e+00 2.421045888111086786e+00
-1.449742975115090315e+00 2.386956245737789306e+00
-1.433195772398778489e+00 2.403567942922535838e+00
-1.450852775261689986e+00 2.403261669726698191e+00
-1.460988345731391913e+00 2.399888775586124900e+00
-1.490886464773452325e+00 2.439349789377766253e+00
-1.430673159984503950e+00 2.441421745482023731e+00
-1.430968504934715391e+00 2.440711333129888860e+00
-1.451765771080105516e+00 2.446063991043597508e+00
-1.466432895936658820e+00 2.441257408955588293e+00
-1.467349896657991426e+00 2.440415045149849416e+00
-1.464254125604944834e+00 2.437274809052201618e+00
-1.455617844497200331e+00 2.419797597002538048e+00
-1.456761302443197348e+00 2.423682106323816754e+00
-1.451504459984798823e+00 2.418928590005328338e+00
-1.447632323579736591e+00 2.414363167136822419e+00
-1.476847652780711506e+00 2.427047255732212694e+00
-1.473397791360655962e+00 2.427966397653388064e+00
-1.470205466567306773e+00 2.416357926709751247e+00
-1.481580742532137007e+00 2.402361007595287923e+00
-1.499296116650436606e+00 2.403791032414777984e+00
-1.496030247079983333e+00 2.397072016908052383e+00
-1.496025129649024565e+00 2.397077821979670009e+00
-1.486939138882595213e+00 2.382317739622171526e+00
-1.518384699169084362e+00 2.387230422213836079e+00
-1.511413463910812993e+00 2.373347049409757492e+00
-1.496646649737257917e+00 2.383898454142961754e+00
-1.501124683866209120e+00 2.379695097526495218e+00
-1.505638817886725711e+00 2.382441273655657277e+00
-1.489691543704709353e+00 2.360799601524079527e+00
-1.498555752756298043e+00 2.365445565666015160e+00
-1.488291297388943724e+00 2.362046353621038097e+00
-1.480158564551213862e+00 2.350165090023724090e+00
-1.485338910895052322e+00 2.345509688461233200e+00
-1.472127508312442101e+00 2.352140113309126424e+00
-1.456827068206163922e+00 2.308867736146321015e+00
-1.456897718644555750e+00 2.304735710315520159e+00
-1.450918216387357740e+00 2.302423590619606664e+00
-1.451494290583224211e+00 2.295388029354822113e+00
-1.460765285462726437e+00 2.287163964250070070e+00
-1.446505001275237623e+00 2.280539252746150325e+00
-1.468139480801816443e+00 2.290622701687083040e+00
-1.435463755032348132e+00 2.254336553447576108e+00
-1.440887374361305318e+00 2.250101164809086729e+00
-1.430854716869002230e+00 2.243487886633302342e+00
-1.437940724338737875e+00 2.251953305281629625e+00
-1.416608276745931150e+00 2.250035232430971366e+00
-1.411725278341996237e+00 2.235479931674688281e+00
-1.446004817152833910e+00 2.232691715575943370e+00
-1.455614887132677726e+00 2.244097882281756995e+00
-1.448887868697876780e+00 2.250841595167712761e+00
-1.438927472828107623e+00 2.266593544009376959e+00
-1.434636825299306029e+00 2.267236158972339766e+00
-1.413220302979708354e+00 2.265856956522036558e+00
-1.372951190229390050e+00 2.234061642244134394e+00
-1.381537570598817988e+00 2.239646170898346167e+00
-1.403569137508096532e+00 2.229452282024149135e+00
-1.415875690685532318e+00 2.210554711233141401e+00
-1.462275600688911714e+00 2.181332478341358794e+00
-1.462498691453317567e+00 2.176705219681799974e+00
-1.464884701605571049e+00 2.205671697632270334e+00
-1.448687293853418101e+00 2.195922432242928490e+00
-1.463364544105852705e+00 2.215634935732886390e+00
-1.457973854554888371e+00 2.221918329125657454e+00
-1.449805290500099098e+00 2.218728158752734103e+00
-1.448833290051807943e+00 2.214755009465877666e+00
-1.452790455848481210e+00 2.182005860072049774e+00
-1.450486664075134158e+00 2.173886482324481673e+00
-1.455566144681070151e+00 2.188347588210275863e+00
-1.468433591538973015e+00 2.200072492138048563e+00
-1.451475203090533350e+00 2.204005590443019802e+00
-1.435734553668472246e+00 2.157949274069957735e+00
-1.437315883878779177e+00 2.153506263520140962e+00
-1.432375301406213941e+00 2.148296298317236896e+00
-1.430578917298102937e+00 2.150842241576368163e+00
-1.443807435485683355e+00 2.166691633183921883e+00
-1.432663102987687731e+00 2.165369244905061219e+00
-1.456110760419046635e+00 2.164338468230398327e+00
-1.442905976970936699e+00 2.150638820256047357e+00
-1.450391362228017123e+00 2.149202233124930750e+00
-1.452709708558392876e+00 2.170147305025333040e+00
-1.450639356518123924e+00 2.137156399155149877e+00
-1.448452555132757613e+00 2.136398807476737272e+00
-1.448046559586891213e+00 2.125125367019393252e+00
-1.467039419384008392e+00 2.114981752819125038e+00
-1.459245851797149385e+00 2.092663514649149015e+00
-1.444863279529667643e+00 2.088012831234411504e+00
-1.440007660790981081e+00 2.085066236007275808e+00
-1.446728664425814603e+00 2.081396847903433933e+00
-1.441749295279760146e+00 2.091030372934014281e+00
-1.442115301460162424e+00 2.088724317411275067e+00
-1.439658826550915149e+00 2.095914014482810561e+00
-1.422260342643111297e+00 2.114431669728312091e+00
-1.412220776747282747e+00 2.104990752423635314e+00
-1.413196307550052655e+00 2.105398747985339991e+00
-1.405709883316163200e+00 2.116928930029630340e+00
-1.377249638158398071e+00 2.118396358108608268e+00
-1.376199248753947391e+00 2.108557507735892678e+00
-1.381426630511846110e+00 2.116975050517266865e+00
-1.378344643755289978e+00 2.112817651923179163e+00
-1.384979274663317383e+00 2.112448791309549989e+00
-1.398414163932471199e+00 2.117414317200662754e+00
-1.393513992380317479e+00 2.108782402298514658e+00
-1.395719506996458747e+00 2.108586597839550603e+00
-1.385081192623570212e+00 2.109260955414847594e+00
-1.388178514881372783e+00 2.119475651612085176e+00
-1.379967001555742367e+00 2.110265811939750602e+00
-1.375886379982661945e+00 2.107090643636639005e+00
-1.369958273366942203e+00 2.105242539296353410e+00
-1.372459282485218202e+00 2.100297691194743077e+00
-1.373632097306904498e+00 2.098535317333872108e+00
-1.386821883589507198e+00 2.093491427852424813e+00
-1.406019155415336952e+00 2.105873589161393333e+00
-1.414100681833615480e+00 2.108693750317768068e+00
-1.414671489446971631e+00 2.112057716749610847e+00
-1.408330023424273048e+00 2.106402314484430160e+00
-1.424204764461911132e+00 2.093458185914418568e+00
-1.419345200396717965e+00 2.094455844841234704e+00
-1.407665322891088699e+00 2.093934471699142819e+00
-1.408138139191043914e+00 2.099935047541187316e+00
-1.422241531064714071e+00 2.116320731466949212e+00
-1.416308206990012808e+00 2.112992110251461941e+00
-1.417664132372900454e+00 2.108345544817995521e+00
-1.410850860875977109e+00 2.109516505796102503e+00
-1.400756471037054585e+00 2.114322675065461343e+00
-1.417159159012508107e+00 2.120255836202801003e+00
-1.419793854979316761e+00 2.104267663224645979e+00
-1.415632761773605086e+00 2.097367623682493853e+00
-1.391409317892171593e+00 2.121243766365512151e+00
-1.399131169347186399e+00 2.118821375525211437e+00
-1.389938598246959200e+00 2.098413917375500315e+00
-1.371824163986438805e+00 2.086645289048063123e+00
-1.383601530710218963e+00 2.096713250263841921e+00
-1.385301405953332399e+00 2.094737420180524001e+00
-1.371259789700010057e+00 2.097456818475178064e+00
-1.387073849473582365e+00 2.100713198150287564e+00
-1.380794573405899506e+00 2.095314490673266139e+00
-1.388286333263195615e+00 2.083241041392586812e+00
-1.389057513109021480e+00 2.080844985842575934e+00
-1.363118833951659115e+00 2.075157346545619230e+00
-1.356088514650127141e+00 2.082360427744323506e+00
-1.360845088457492968e+00 2.075787025070597647e+00
-1.345879474200631254e+00 2.076546060714747899e+00
-1.346581279089010375e+00 2.076672780295607534e+00
-1.342030428686820320e+00 2.075385181997049244e+00
-1.333504198440692123e+00 2.097017975026690628e+00
-1.327037012576954833e+00 2.092095074301241642e+00
-1.348355203100760180e+00 2.083557734721125154e+00
-1.347724450651281325e+00 2.084893928849778977e+00
-1.332893982172709268e+00 2.075195360274532774e+00
-1.355026413895802362e+00 2.066376526618025178e+00
-1.358133826332231342e+00 2.065943435784458160e+00
-1.370203745152668295e+00 2.070486009792334325e+00
-1.371737504164138421e+00 2.075175668334030110e+00
-1.370564545048719607e+00 2.051440113160826861e+00
-1.371962533064523981e+00 2.061157458776767815e+00
-1.379974261992057860e+00 2.063292093234414537e+00
-1.376902931725772161e+00 2.060596787565990518e+00
-1.346214307710385194e+00 2.039640699765414844e+00
-1.343550554133057684e+00 2.035083854396695369e+00
-1.331063286023512537e+00 2.022017926034108015e+00
-1.346435358578574437e+00 2.026974635787792245e+00
-1.347194579364992428e+00 2.017713863517350603e+00
-1.350066722798998198e+00 2.020518260755649109e+00
-1.339446384314966876e+00 2.003674459861601864e+00
-1.335739111572857851e+00 1.999572244007366884e+00
-1.335390858553583637e+00 1.996166826121902105e+00
-1.342551400602169931e+00 2.007866886076292712e+00
-1.341806652493187535e+00 2.019939311398661896e+00
-1.343087552158185982e+00 2.021400205069822320e+00
-1.339439951121977002e+00 2.005028207010034702e+00
-1.339543924275801157e+00 2.004973403118342379e+00
-1.359409896788855265e+00 1.999745410834267600e+00
-1.348090148474912153e+00 2.015505710808434436e+00
-1.347058941138560062e+00 2.016006131697695825e+00
-1.349029190569391634e+00 2.016914793350579771e+00
-1.342163997455133595e+00 2.029838623674323106e+00
-1.348843356383769843e+00 2.030399310551301628e+00
-1.365719769358569868e+00 2.022967764291175641e+00
-1.363294203616186806e+00 2.018517578748576291e+00
-1.352749819008900234e+00 2.015508009003246226e+00
-1.363968474940305819e+00 2.016433304745413047e+00
-1.360156386457886057e+00 2.015739049836905661e+00
-1.334204834110005011e+00 2.015894373076187129e+00
-1.347857168137123640e+00 2.006115784512392697e+00
-1.367729683402889806e+00 2.002599928464176227e+00
-1.371314150164275825e+00 1.997841933020629623e+00
-1.379859666190846657e+00 1.994331194115640971e+00
-1.385013950560487261e+00 1.998758506049854056e+00
-1.376899414282734435e+00 1.998282151417528851e+00
-1.385579775893751142e+00 1.996458814631318246e+00
-1.427032892056877111e+00 2.000048042621921152e+00
-1.410003862207047876e+00 1.992354277992343770e+00
-1.408851980222463718e+00 2.014899693012911275e+00
-1.422993621084873928e+00 2.013900227542342769e+00
-1.423717593545273274e+00 2.016110900362716229e+00
-1.402412934656736665e+00 2.018546080436912860e+00
-1.404212411401792870e+00 2.019280088914817473e+00
-1.392772280619662961e+00 2.006856744397032877e+00
-1.390355278410920548e+00 1.997855815253864575e+00
-1.387996773252359484e+00 2.001111174168340501e+00
-1.385178886892252326e+00 2.005638406700077425e+00
-1.391438691871993649e+00 2.013848044064770804e+00
-1.380659709386120815e+00 2.004113402607869077e+00
-1.394713836287010844e+00 1.986690230602659257e+00
-1.390576755505135820e+00 1.992269554223703887e+00
-1.389377167940216484e+00 1.997476746331957154e+00
-1.373019864690269376e+00 1.999702768113597484e+00
-1.375112155180896467e+00 2.002686359436477659e+00
-1.374426870715217408e+00 2.005207543668730441e+00
-1.367551709479553068e+00 2.013240269745025568e+00
-1.361157881142168291e+00 2.016011910675175933e+00
-1.355836960189327201e+00 2.021043792148186302e+00
-1.363385550903378762e+00 2.024849399527190563e+00
-1.387631690538483786e+00 2.024845493446506328e+00
-1.408087030534644013e+00 2.026233465142890378e+00
-1.414962231918222235e+00 2.023758145981793266e+00
-1.432387516998222976e+00 2.046262546906883806e+00
-1.425644433999620597e+00 2.051162877971339782e+00
-1.406048627285290120e+00 2.037526023808427844e+00
-1.405305380475641686e+00 2.036639274746792072e+00
-1.409138447142129325e+00 2.046537969107331545e+00
-1.413191840980327685e+00 2.056059084299300732e+00
-1.399259524397723053e+00 2.064986792005593319e+00
-1.413176243310192648e+00 2.053372073607749204e+00
-1.394148146114620346e+00 2.054758636021384088e+00
-1.398970495167501493e+00 2.067023249953998221e+00
-1.369489724364110428e+00 2.041344891725815458e+00
-1.367659983516556599e+00 2.046839568435378620e+00
-1.358774600738294147e+00 2.045362836684213370e+00
-1.353648374703581014e+00 2.048304153795901694e+00
-1.345547975625811965e+00 2.047353051461623163e+00
-1.334663479112973228e+00 2.036644698604163750e+00
-1.333988071322294688e+00 2.036989125919082877e+00
-1.331487562056516305e+00 2.038617271943891307e+00
-1.336603108446132504e+00 2.047670236328762883e+00
-1.353390025707094768e+00 2.044748606660051315e+00
-1.356009031185194003e+00 2.051568532340247053e+00
-1.350666225283847499e+00 2.053726601061033552e+00
-1.352648072673138691e+00 2.057019998992799525e+00
-1.343930483334983661e+00 2.045537788700577675e+00
-1.337833690449268920e+00 2.030044714753544977e+00
-1.346519488744882809e+00 2.035655756406733019e+00
-1.350891284734814013e+00 2.035269609954277747e+00
-1.357825708798506614e+00 2.044459259696177256e+00
-1.370757383564563447e+00 2.053118352252975676e+00
-1.366432376747397370e+00 2.064416511650756458e+00
-1.360008222946628154e+00 2.066039242095037309e+00
-1.353756496309268975e+00 2.085921557336900989e+00
-1.354304070307500441e+00 2.083378035537860384e+00
-1.356522141200100062e+00 2.088490511392588012e+00
-1.367084454530608895e+00 2.097045179715451457e+00
-1.387677113883098556e+00 2.088418631775003753e+00
-1.392930054103409754e+00 2.102814729610804179e+00
-1.396232490479161203e+00 2.102185452210695527e+00
-1.394103802589222507e+00 2.080041447966855639e+00
-1.379148153793482212e+00 2.085138837574576076e+00
-1.370089394622539203e+00 2.086042443965252513e+00
-1.366105387172259045e+00 2.084745169586490032e+00
-1.373791477383723203e+00 2.082348040309295989e+00
-1.386072597828054809e+00 2.092976731967733262e+00
-1.390772264581559226e+00 2.089890328354568894e+00
-1.417869571462299971e+00 2.077704392925959098e+00
-1.405849079774620147e+00 2.066369090497642613e+00
-1.408374906352130473e+00 2.068037266613637737e+00
-1.403215348277548236e+00 2.063756858083663381e+00
-1.422393640241784496e+00 2.060241189410004559e+00
-1.422745665472686660e+00 2.052627893864295672e+00
-1.427931973500534912e+00 2.049006230074813306e+00
-1.412514399130573084e+00 2.044627685443806353e+00
-1.407488184853515012e+00 2.038680176650498055e+00
-1.404546358780032644e+00 2.050756797652236063e+00
-1.429869797436799761e+00 2.048537525524602554e+00
-1.431949587129883072e+00 2.050078277106893054e+00
-1.422130878564327627e+00 2.041846657367030193e+00
-1.437040871873364711e+00 2.031516656160622158e+00
-1.408993729192222766e+00 2.026057267363022163e+00
-1.396209087073644106e+00 2.019162606294685691e+00
-1.399535119257324434e+00 2.021448294826088343e+00
-1.393906083951603092e+00 2.009908889979238555e+00
-1.396108580934681154e+00 2.017753149287885073e+00
-1.400590577964499150e+00 2.036985866052432037e+00
-1.406796617634927582e+00 2.038434750852889277e+00
-1.394579829227977186e+00 2.038785839537025968e+00
-1.410369165098624755e+00 2.020825949826084322e+00
-1.423247088259228743e+00 2.026500549861160572e+00
-1.437953951664327823e+00 2.036105604162929517e+00
-1.428756638692421310e+00 2.034511186521353654e+00
-1.423740778409691599e+00 2.051007897628589038e+00
-1.404797572373866377e+00 2.043974708561802522e+00
-1.410994954046809191e+00 2.047428122296378383e+00
-1.400036754143454854e+00 2.047329560920236435e+00
-1.386140026248676271e+00 2.044636812564954553e+00
-1.385007495906743769e+00 2.043679931345832035e+00
-1.379856612437844410e+00 2.035415899576237919e+00
-1.378049210049353324e+00 2.036433244232116468e+00
-1.374869388492737654e+00 2.032454816966916766e+00
-1.393961482241960370e+00 2.008658203296056488e+00
-1.400897786445920667e+00 2.004805076220137927e+00
-1.395467850920165898e+00 2.016606955576612847e+00
-1.393861941647899005e+00 2.014175414439746792e+00
-1.392894039511919591e+00 2.019678174403894300e+00
-1.397085204166746752e+00 2.030954061002673061e+00
-1.396756983736832103e+00 2.032357977136505678e+00
-1.396500316619040838e+00 2.032013768204257165e+00
-1.385183397488764623e+00 2.024485103346519210e+00
-1.381775355577111286e+00 2.033387654132996047e+00
-1.390836249533722979e+00 2.052184746668247683e+00
-1.381400763953532618e+00 2.081752146110201096e+00
-1.401350881056218078e+00 2.075729350119072780e+00
-1.405688866237437162e+00 2.072215697721480065e+00
-1.423870975936373684e+00 2.069304220020864449e+00
-1.424429054921966475e+00 2.066192254216739244e+00
-1.419025824897230059e+00 2.067993564030658149e+00
-1.415867484645227270e+00 2.070571452294736492e+00
-1.403915142418034057e+00 2.073138574714226134e+00
-1.400220313537051675e+00 2.064786603730193626e+00
-1.395440491064135369e+00 2.056853169906823986e+00
-1.400529350719132093e+00 2.058802147266229454e+00
-1.396598855139889350e+00 2.055778662176492411e+00
-1.387804213544932219e+00 2.060607070196080581e+00
-1.398288408499682278e+00 2.052799242335920926e+00
-1.390355147106071110e+00 2.056695397772726253e+00
-1.384670351440010050e+00 2.039328129807377987e+00
-1.359318373267505597e+00 2.028040444727155389e+00
-1.359647229844006544e+00 2.033422430675346781e+00
-1.365346525904729047e+00 2.033305669931739779e+00
-1.366766591571972445e+00 2.034518555238026050e+00
-1.359309569811557594e+00 2.030244693977776294e+00
-1.358628728408706854e+00 2.036666205307199107e+00
-1.341922244758526173e+00 2.029663428507201051e+00
-1.349292331114495092e+00 2.050730362205599899e+00
-1.338561140835110796e+00 2.051897909745060034e+00
-1.322348200700439236e+00 2.051625191103585877e+00
-1.328429808317583394e+00 2.047521157562223415e+00
-1.343989118808669225e+00 2.045559405487594962e+00
-1.338762499061312505e+00 2.049718100215695227e+00
-1.352553125844787152e+00 2.060012223089719541e+00
-1.356417723700020783e+00 2.062487564996955403e+00
-1.349106863447612215e+00 2.069523780507824817e+00
-1.351712825455836819e+00 2.065992182614126982e+00
-1.360544127536648773e+00 2.077273119159346759e+00
-1.369001642778934658e+00 2.074276668778150867e+00
-1.370334446713291188e+00 2.084236261426943404e+00
-1.368068092616681053e+00 2.077957484688587542e+00
-1.350557164580470815e+00 2.073777531159342047e+00
-1.339115340174643620e+00 2.067902038193476066e+00
-1.338982823693555924e+00 2.059403773452808117e+00
-1.365423456869680141e+00 2.050166017496088067e+00
-1.369423664660513795e+00 2.045587018610614649e+00
-1.384243824134371081e+00 2.040302623406099247e+00
-1.377606208638149310e+00 2.054353360657308780e+00
-1.392742387283559147e+00 2.069398494024397461e+00
-1.388179316839531330e+00 2.072344478486011887e+00
-1.378328339611058828e+00 2.071459383220440209e+00
-1.370311671672347353e+00 2.073197944256269132e+00
-1.379623366600011947e+00 2.078768320949691883e+00
-1.398656242545712303e+00 2.067291010463785383e+00
-1.407614286877988619e+00 2.055635115371474253e+00
-1.405871880935859020e+00 2.057747922534908458e+00
-1.388675655357327621e+00 2.060008742179339158e+00
-1.387810475523544973e+00 2.070011751305727898e+00
-1.392193815251311362e+00 2.077696769554492118e+00
-1.390620669667213649e+00 2.078572286324604779e+00
-1.399034404789242902e+00 2.087674321504513486e+00
-1.399449153894615439e+00 2.088217048948598276e+00
-1.393808113897437417e+00 2.067689979493024133e+00
-1.388500531371200442e+00 2.052545866185376600e+00
-1.392436024201077371e+00 2.068787513772051057e+00
-1.394099749772604868e+00 2.054959622201251612e+00
-1.408037220554746893e+00 2.069231788389890969e+00
-1.413503041670739480e+00 2.071077256712381409e+00
-1.433289999380292778e+00 2.064755294797892216e+00
-1.435937881976762753e+00 2.067023243585218495e+00
-1.428084132617873259e+00 2.061551492016475251e+00
-1.427380892358100395e+00 2.058819258306452848e+00
-1.419068983388551919e+00 2.051480965374781640e+00
