-5.000000000000000000e+00 5.000000000000000000e-01
-4.999332940722128527e+00 4.995778256759326741e-01
-4.998682673039117397e+00 5.018283404033659911e-01
-4.998097820819108250e+00 5.058163714711660930e-01
-4.997473411444025793e+00 5.093017566146055275e-01
-4.996847154292003879e+00 5.116638066976049171e-01
-4.996143842596830531e+00 5.139363062876852739e-01
-4.995496915865488496e+00 5.157951034056503792e-01
-4.994833875375094934e+00 5.175795235982845188e-01
-4.994254745289681274e+00 5.208279889243366823e-01
-4.993609467844121852e+00 5.253820732834182383e-01
-4.992723811551146085e+00 5.260967022719997832e-01
-4.991959708897382164e+00 5.304384154615827685e-01
-4.991206053687166744e+00 5.338858214778721134e-01
-4.990222160911223170e+00 5.348103730824543822e-01
-4.989580933635994420e+00 5.383081446774561352e-01
-4.988843704508253651e+00 5.412889860830510935e-01
-4.988081793581460310e+00 5.444569001370037631e-01
-4.987425255595031359e+00 5.475537812441308994e-01
-4.986555434835942435e+00 5.525011471471954483e-01
-4.985674305259087724e+00 5.555342963910492315e-01
-4.984697891301292039e+00 5.564613448062595280e-01
-4.983589902522205684e+00 5.586557921246159131e-01
-4.982477218184761192e+00 5.615055420730092894e-01
-4.981589417308176948e+00 5.634624902256357704e-01
-4.980912351584644959e+00 5.688511266900976304e-01
-4.979726873296593581e+00 5.706049599251112880e-01
-4.978830136257799133e+00 5.752597712377774952e-01
-4.977853762787528780e+00 5.794969840570760589e-01
-4.976635872630789770e+00 5.817941078346855477e-01
-4.975692242912401753e+00 5.862795795846325042e-01
-4.974448476852438183e+00 5.892152744008749554e-01
-4.973241937377117949e+00 5.917168399628462971e-01
-4.971737785210582850e+00 5.943006616163656330e-01
-4.970683167687084847e+00 5.990499738373900041e-01
-4.969350409667167234e+00 6.030955927845602638e-01
-4.967889990010085022e+00 6.079168749618043543e-01
-4.966344927492074568e+00 6.117265309347512670e-01
-4.964882096537465372e+00 6.168232823546631050e-01
-4.963526912113652934e+00 6.231724969827455718e-01
-4.962037580852284968e+00 6.289826019960316206e-01
-4.960131147837675947e+00 6.348611438151640085e-01
-4.958387331349652705e+00 6.405638487036292572e-01
-4.956547481202148830e+00 6.469636681520793964e-01
-4.954696440926645629e+00 6.536347657872046968e-01
-4.952409995390792297e+00 6.608907927441235453e-01
-4.949965631276073807e+00 6.694554527506265673e-01
-4.947650497765842204e+00 6.784716721737705791e-01
-4.945337614143475946e+00 6.865917963994104811e-01
-4.942158606568924917e+00 6.960548482624553390e-01
-4.939409286525597409e+00 7.057107609545237858e-01
-4.936127906237882890e+00 7.178298660274363696e-01
-4.932776357729467875e+00 7.304665747562357758e-01
-4.928591824880952821e+00 7.448748464571000039e-01
-4.924562864198500201e+00 7.593644295460042493e-01
-4.919706860754521571e+00 7.776556778710272955e-01
-4.914169721533641066e+00 7.977586627628825422e-01
-4.907015531412909581e+00 8.243786330251878791e-01
-4.897466551950643066e+00 8.585586921011738593e-01
-4.886028371294337092e+00 9.006385609589119268e-01
-4.865771201039907901e+00 9.722039100345930551e-01
-4.831943268442713268e+00 1.093919584899596398e+00
-4.758229350449294515e+00 1.360558924992480989e+00
-4.640910994722006855e+00 1.773853060267546855e+00
-4.571161605185621646e+00 1.950918321363544816e+00
-4.493238742771022309e+00 2.097683627893119684e+00
-4.433273429986478220e+00 2.181488951739613213e+00
-4.385262721927251306e+00 2.241174782708204472e+00
-4.335476902484150408e+00 2.294199847100146794e+00
-4.277351553486527180e+00 2.339548849296097188e+00
-4.221721212802927781e+00 2.374352265978818100e+00
-4.175376547095861923e+00 2.409038676241969767e+00
-4.116694227051734600e+00 2.452767445270601865e+00
-4.073583281911195009e+00 2.477759212165392633e+00
-4.033875925267806473e+00 2.492374151349340483e+00
-3.984723357845120884e+00 2.523308243234552606e+00
-3.922716061499229134e+00 2.542156592552234251e+00
-3.893509834291753346e+00 2.554479599850723481e+00
-3.859173052692681072e+00 2.567399357282086569e+00
-3.825880520133087881e+00 2.589555325545765729e+00
-3.796133227868628168e+00 2.595650360092425668e+00
-3.761788357728053533e+00 2.603575888048727194e+00
-3.751769229601220612e+00 2.608903123852169159e+00
-3.704709354301856994e+00 2.620949788353077459e+00
-3.668118466251491849e+00 2.626577233979750847e+00
-3.625740091290851286e+00 2.637501940436090209e+00
-3.585999876771677641e+00 2.653031533586525548e+00
-3.549717065199239574e+00 2.655407934004429205e+00
-3.513838183889014477e+00 2.666326305019131482e+00
-3.485651115751326135e+00 2.671640818518259408e+00
-3.444329896755954579e+00 2.672554095396708185e+00
-3.386451045675032745e+00 2.676933835924679705e+00
-3.321415240726813600e+00 2.688629594434793546e+00
-3.292642829973649654e+00 2.696588924517982822e+00
-3.246631772141899130e+00 2.697135238291958892e+00
-3.230922481973784510e+00 2.715700023741396407e+00
-3.212269456378102905e+00 2.730340181743937222e+00
-3.198645343703727217e+00 2.726487004239670053e+00
-3.151543384695516092e+00 2.719262603960887148e+00
-3.116280367438010401e+00 2.720768330525826784e+00
-3.106144056494563710e+00 2.710921739527312635e+00
-3.082382829477459563e+00 2.712894194009709548e+00
-3.054043699090395414e+00 2.710663500070172205e+00
-3.021523321781506954e+00 2.704772935852909121e+00
-2.969332344336243157e+00 2.710027364357789015e+00
-2.928793298019385372e+00 2.691525918643835169e+00
-2.910517619383077292e+00 2.688912194789347065e+00
-2.884644077173314169e+00 2.693955169655541493e+00
-2.830150523158649900e+00 2.681673700655056169e+00
-2.753996938755169488e+00 2.664471281374506173e+00
-2.736624352332179377e+00 2.666264658881906779e+00
-2.707125505428698453e+00 2.666846233904458074e+00
-2.645129459793970295e+00 2.664002188466757737e+00
-2.642255162372951993e+00 2.660341778759592213e+00
-2.589932676469524075e+00 2.644014349143723575e+00
-2.525667829757829885e+00 2.617806619364162479e+00
-2.514558987931711620e+00 2.623912277065786114e+00
-2.501521106009846562e+00 2.637589704305811633e+00
-2.478633533762919949e+00 2.627579832226266454e+00
-2.465075361105201424e+00 2.633589553659163585e+00
-2.380783371506081991e+00 2.638205320476184834e+00
-2.353658825555864365e+00 2.629750429543775248e+00
-2.332811645219246444e+00 2.635748208732468179e+00
-2.315343857351988888e+00 2.625036627954784318e+00
-2.311154535416720890e+00 2.622817021680255767e+00
-2.254856217167910071e+00 2.604399506490596483e+00
-2.227801653718135100e+00 2.598033873820055017e+00
-2.228189212677018638e+00 2.602137257084899513e+00
-2.172361825377139510e+00 2.601326558601510186e+00
-2.175430382620002767e+00 2.601274221111691709e+00
-2.185660377443360947e+00 2.609680123051860701e+00
-2.173243128767026189e+00 2.591419362911685287e+00
-2.148632905637090307e+00 2.585902617894968003e+00
-2.114172458701926605e+00 2.587467352595480552e+00
-2.090975689909683410e+00 2.553733297800030666e+00
-2.049009818052164089e+00 2.531226765304401827e+00
-2.044657017619259776e+00 2.532852542788273098e+00
-2.028644699540549379e+00 2.530622861578970539e+00
-2.012117660583436329e+00 2.504758925933926239e+00
-1.969782118393491599e+00 2.489670987619321263e+00
-1.937903126481777649e+00 2.477460734732437775e+00
-1.909088211506890564e+00 2.445577423762768099e+00
-1.886010708329115326e+00 2.421721334646636858e+00
-1.861661523747406788e+00 2.424529493777769495e+00
-1.895358246868367402e+00 2.446536990192969885e+00
-1.880656905571107540e+00 2.441465583248336735e+00
-1.859240527700106504e+00 2.436722460054725037e+00
-1.858108217038382470e+00 2.436811287836853079e+00
-1.839732637903394030e+00 2.438905701777576152e+00
-1.818719203924648475e+00 2.436679413146366269e+00
-1.813549180935877247e+00 2.439552479054365897e+00
-1.776765185621249188e+00 2.447135351114294366e+00
-1.772489387903776192e+00 2.450960515844558429e+00
-1.714577663978736233e+00 2.457960919031907832e+00
-1.713465195207594105e+00 2.456839433492520985e+00
-1.704720454965260368e+00 2.449913807867403204e+00
-1.684900397366516200e+00 2.452057234582564860e+00
-1.684755161159673609e+00 2.451980151839361355e+00
-1.651648093225501546e+00 2.429529215061836389e+00
-1.633091679692679987e+00 2.394523265989713323e+00
-1.632591940380087925e+00 2.395940454270367059e+00
-1.630406002195248671e+00 2.406270965625208369e+00
-1.616665562507324072e+00 2.386874731734315080e+00
-1.622281306811131252e+00 2.383687071760936416e+00
-1.611098680293822083e+00 2.383040954418194968e+00
-1.600384223388818139e+00 2.385054218949668403e+00
-1.614674927447037112e+00 2.385809574814675038e+00
-1.613552845046302808e+00 2.385223082748126888e+00
-1.600547239269269451e+00 2.392008813490101193e+00
-1.587592298452834561e+00 2.382733383336236077e+00
-1.587380705540974324e+00 2.382574064437726236e+00
-1.586492324947564647e+00 2.381488900954189525e+00
-1.587369850037030794e+00 2.341585169393557653e+00
-1.574166103780294312e+00 2.334496732967941135e+00
-1.567352104920318956e+00 2.331951007087016858e+00
-1.570323584713014586e+00 2.312666959052631643e+00
-1.573514175026242246e+00 2.308654511079410998e+00
-1.576453550338096088e+00 2.307152071271926008e+00
-1.572876459314337616e+00 2.273571342946458795e+00
-1.564680080390315586e+00 2.254271274781124212e+00
-1.568352262240605643e+00 2.253383761741042601e+00
-1.551355359476378482e+00 2.254458756873932934e+00
-1.547126635370194236e+00 2.266200273606373106e+00
-1.578587684208378361e+00 2.240916627528587668e+00
-1.570299291543671538e+00 2.241919889717429726e+00
-1.565586047617650634e+00 2.239218070798553395e+00
-1.557342032942015342e+00 2.227451873217733080e+00
-1.551765597073701208e+00 2.211977180483693850e+00
-1.550332331449536305e+00 2.218400482181901445e+00
-1.500348447778159677e+00 2.217906028532409035e+00
-1.495067476737702572e+00 2.215145663166667056e+00
-1.497600272717981795e+00 2.212561333087381676e+00
-1.496818265856414198e+00 2.211015103622144817e+00
-1.491616528706659173e+00 2.220905527220152109e+00
-1.500420862603562222e+00 2.209990729700046508e+00
-1.496223729379403622e+00 2.215372003573230941e+00
-1.504480526590584732e+00 2.204674149946205031e+00
-1.510643443835019140e+00 2.202742556876716051e+00
-1.505203026669360344e+00 2.212750533841128409e+00
-1.469417472421965076e+00 2.202180905616346163e+00
-1.455991319298344022e+00 2.194884805191643196e+00
-1.460898856807082424e+00 2.189821617869208481e+00
-1.434719268377780965e+00 2.177229679861003131e+00
-1.433010105072533902e+00 2.175594313297438909e+00
-1.417728771164276536e+00 2.168859805069118796e+00
-1.434281018055032941e+00 2.149788627383648176e+00
-1.435769631420775516e+00 2.150570893308309195e+00
-1.426617250987504359e+00 2.140417521162058634e+00
-1.412694881157979365e+00 2.138671428069756075e+00
-1.418305862624960056e+00 2.133361307585997402e+00
-1.409565683990067209e+00 2.167642892870066174e+00
-1.423121253372233053e+00 2.152060458804746723e+00
-1.425945337918891109e+00 2.152642747259193801e+00
-1.406623652088333509e+00 2.146037703108661709e+00
-1.388930328486432719e+00 2.133787770852528798e+00
-1.378791176087255987e+00 2.128663549914886932e+00
-1.384987997589044895e+00 2.125645651660131641e+00
-1.393847036334494138e+00 2.129590347042695342e+00
-1.389707254902601719e+00 2.141859576183802627e+00
-1.389657984531095236e+00 2.106779669406743771e+00
-1.402876771595416017e+00 2.084022371281538000e+00
-1.409460266061613565e+00 2.092089429778822396e+00
-1.416028142261985368e+00 2.092022778624669677e+00
-1.420005515625356596e+00 2.086879131752930494e+00
-1.403873681055978651e+00 2.113045141896420898e+00
-1.391892416228971419e+00 2.110877139792652457e+00
-1.380118784700845369e+00 2.102677326256477297e+00
-1.374660957307869857e+00 2.095227266588729709e+00
-1.378652800249180688e+00 2.112705986273907932e+00
-1.384278054757375864e+00 2.137184796658323283e+00
-1.403910214213122787e+00 2.153969742324358894e+00
-1.379958775107000601e+00 2.170295713964048190e+00
-1.381163725297256617e+00 2.162463215319857301e+00
-1.364886866433372203e+00 2.152573695460712866e+00
-1.355340970789857380e+00 2.133597971755141653e+00
-1.359756908043455947e+00 2.128490033516770019e+00
-1.395464052080557682e+00 2.106915135439581643e+00
-1.404667648696904303e+00 2.116569177751224551e+00
-1.405740386238781170e+00 2.117256766959771941e+00
-1.405664722562713465e+00 2.116198070525026953e+00
-1.419372180663372784e+00 2.114517261205260290e+00
-1.416524120790887631e+00 2.112462619332992730e+00
-1.408600351764670577e+00 2.116503594153426704e+00
-1.432549031549283924e+00 2.108485181509792472e+00
-1.429506753124916596e+00 2.123787302986904546e+00
-1.425094125979750492e+00 2.112678428426939092e+00
-1.412173269562828404e+00 2.105955983270164644e+00
-1.402232448057484815e+00 2.106592033964820754e+00
-1.398352312014576659e+00 2.104073961484519639e+00
-1.396810081025634753e+00 2.102975226630563910e+00
-1.394923207428900636e+00 2.084733941213043007e+00
-1.413096766805494120e+00 2.088248682173763360e+00
-1.422111493506069246e+00 2.093232404901217425e+00
-1.418646173933724830e+00 2.083894704766748429e+00
-1.409568967983548582e+00 2.103682354737119731e+00
-1.395502502046352511e+00 2.107838892222515081e+00
-1.389474877433318767e+00 2.100230765217559359e+00
-1.396798954702940465e+00 2.098074671553371129e+00
-1.385805166173439851e+00 2.089028921507289027e+00
-1.398104051264654979e+00 2.090000250464775888e+00
-1.391402700854186270e+00 2.080786988451974739e+00
-1.394276263368803281e+00 2.065261755246366793e+00
-1.385392002624210583e+00 2.078943500313525927e+00
-1.382914199984879078e+00 2.084603274026175956e+00
-1.377482795325248643e+00 2.088118294544917486e+00
-1.378111508116061534e+00 2.080691914598189030e+00
-1.381744148100421121e+00 2.086288552037208088e+00
-1.382112061727148733e+00 2.085996478770808515e+00
-1.384611263884697019e+00 2.086217626195718822e+00
-1.402919151081012838e+00 2.077887509363606888e+00
-1.382245698163048209e+00 2.060750200687577305e+00
-1.382421698034273394e+00 2.061972385287036413e+00
-1.378207305060974885e+00 2.063242892094745873e+00
-1.372634941323413349e+00 2.062868424969688697e+00
-1.372416668415608942e+00 2.068696103145483800e+00
-1.374485161405322620e+00 2.076425245483506377e+00
-1.393544394784177243e+00 2.067018308228130152e+00
-1.382503761218288663e+00 2.074040097693049312e+00
-1.384287215426412532e+00 2.059615544644023633e+00
-1.380263902784438779e+00 2.059464035818646899e+00
-1.378868902209178460e+00 2.072622608422587831e+00
-1.366576923108261399e+00 2.068795362341530275e+00
-1.366166189140118892e+00 2.061013945829278438e+00
-1.358439107510368116e+00 2.056258785342595097e+00
-1.353296412009700189e+00 2.052402947493886298e+00
-1.348680239316869311e+00 2.069014377522334414e+00
-1.350510973761999356e+00 2.073054159273789665e+00
-1.334449993389148048e+00 2.071953924981735362e+00
-1.361894955941078678e+00 2.067830575707599650e+00
-1.373885104155902814e+00 2.062186320280673169e+00
-1.401650575629951989e+00 2.056827924361159798e+00
-1.419380431441696677e+00 2.067188028264907995e+00
-1.412604449613195312e+00 2.066165680528023074e+00
-1.410764259508253238e+00 2.064502716622967249e+00
-1.413405864713779270e+00 2.063888120077368438e+00
-1.393457207792032193e+00 2.060316972223271925e+00
-1.406401217589607233e+00 2.054167266189281804e+00
-1.382835178931308029e+00 2.046019626000549430e+00
-1.381070126552206734e+00 2.047897393792199150e+00
-1.391951947426870673e+00 2.059008382812224536e+00
-1.406773802056003220e+00 2.047313563589159724e+00
-1.404932589504859219e+00 2.046503540566897428e+00
-1.397987853278915393e+00 2.054836427765322604e+00
-1.394084573402349259e+00 2.060583968365869101e+00
-1.379948272619914151e+00 2.045183019749998721e+00
-1.373362799043402749e+00 2.041956678455007612e+00
-1.359470298091671303e+00 2.039179506920850038e+00
-1.340858844577248910e+00 2.038805293261849894e+00
-1.339742772729311415e+00 2.039268275213265369e+00
-1.333943744686119537e+00 2.034599914276750354e+00
-1.325561959707441062e+00 2.034294456670500573e+00
-1.322492459012909682e+00 2.031989253562740405e+00
-1.325139708743888090e+00 2.036152523376178802e+00
-1.336873497853399595e+00 2.046001841785608288e+00
-1.339173791094394828e+00 2.047428792230607364e+00
-1.339495810053780600e+00 2.060655005580606325e+00
-1.347457825042361446e+00 2.055215731492400000e+00
-1.346523299471580781e+00 2.056140208790744772e+00
-1.349047083166861505e+00 2.044489505359234460e+00
-1.336818549988061822e+00 2.024421840221984237e+00
-1.336559275146897319e+00 2.023128730689124133e+00
-1.321615193164277891e+00 2.023662736897748449e+00
-1.316689578627521451e+00 2.009727119466867329e+00
-1.346628446688934000e+00 1.995988797616855548e+00
-1.329037972990751104e+00 1.985044194068284584e+00
-1.330596112903276840e+00 1.985377216096595232e+00
-1.319050910850851466e+00 1.986596536506703314e+00
-1.326716324883340903e+00 1.998951554346476644e+00
-1.315695823112415841e+00 2.002416797284393812e+00
-1.320059580406117039e+00 2.011012609064401602e+00
-1.315921817198977051e+00 2.012622135837044191e+00
-1.306691734799384275e+00 2.025630381607720132e+00
-1.309146006085493141e+00 2.034130446917667978e+00
-1.339091196942369999e+00 2.054898333705463820e+00
-1.339117426643856135e+00 2.066533041603026977e+00
-1.331437943628901888e+00 2.067295201383212433e+00
-1.329734594825320304e+00 2.083361485577333472e+00
-1.330676521531205081e+00 2.089176262241680515e+00
-1.319170313840132946e+00 2.079865471804033472e+00
-1.316082188248109963e+00 2.079512791183655285e+00
-1.356033314378160437e+00 2.075992783343189263e+00
-1.369832726554451874e+00 2.065849062863228891e+00
-1.365660268482094430e+00 2.073257331896780187e+00
-1.382753271502932257e+00 2.103707578823839075e+00
-1.392060793054835433e+00 2.110294365432296093e+00
-1.401197072179337644e+00 2.112400280400841712e+00
-1.402971626637914415e+00 2.105133890429785826e+00
-1.391723546947642109e+00 2.104057983383442298e+00
-1.390080713949818580e+00 2.106076504958504625e+00
-1.387345850970000294e+00 2.099952463844162232e+00
-1.387799984370202244e+00 2.103720731800700072e+00
-1.407727297292105106e+00 2.096070523516150530e+00
-1.400635072549003102e+00 2.105625970967718530e+00
-1.399182685635669499e+00 2.109672793346049957e+00
-1.381125778407151561e+00 2.120149264222102481e+00
-1.379498112760204620e+00 2.103668228364179882e+00
-1.384429794280796377e+00 2.106407172456617793e+00
-1.379427509539346453e+00 2.102638377887322552e+00
-1.406269454415939535e+00 2.088119328079831138e+00
-1.403311570083396909e+00 2.085541376888072396e+00
-1.404837856935179596e+00 2.104833278053712231e+00
-1.395831709128392051e+00 2.118774359445374511e+00
-1.409025538163539704e+00 2.141278425210703329e+00
-1.407089438122143488e+00 2.137098869162487702e+00
-1.423156764506224192e+00 2.122069770661731081e+00
-1.420484118308833477e+00 2.106877806382870144e+00
-1.427502348302125634e+00 2.102154628555254590e+00
-1.440600289525920008e+00 2.102558733502455368e+00
-1.459434670700840986e+00 2.088213233861982765e+00
-1.450099318321564690e+00 2.077982130826711682e+00
-1.442156816170498734e+00 2.076027734898976185e+00
-1.445215940596571658e+00 2.073865188654504088e+00
-1.441019160650637509e+00 2.084488962454279282e+00
-1.456852762660207024e+00 2.088748519065444675e+00
-1.458841267697311261e+00 2.081840628770084134e+00
-1.459162117379086077e+00 2.085858838950102268e+00
-1.473428748921097986e+00 2.104123989345727086e+00
-1.469929089442720382e+00 2.113182416730813973e+00
-1.476955748703628890e+00 2.114297958277539191e+00
-1.469032800357406021e+00 2.140465971576646087e+00
-1.463471851589224881e+00 2.130737620640667629e+00
-1.472878850492489677e+00 2.134660217807019755e+00
-1.450390658008219535e+00 2.129100637265047169e+00
-1.437899034367752238e+00 2.122720763775153507e+00
-1.431249258174537964e+00 2.111334180801714755e+00
-1.424540360153667917e+00 2.125186061501288304e+00
-1.437168528622484898e+00 2.118944313007898650e+00
-1.433479155630401181e+00 2.117841634880421431e+00
-1.433081077801825032e+00 2.115052832595192278e+00
-1.420405419848965511e+00 2.106392763075804364e+00
-1.411487785935134465e+00 2.072950119126581114e+00
-1.410840472418880776e+00 2.072496165807045987e+00
-1.383584683222419009e+00 2.097874508531921034e+00
-1.380260547755112643e+00 2.104532801379896512e+00
-1.384334218899096358e+00 2.105545759295061714e+00
-1.390051540690089293e+00 2.113436363511790095e+00
-1.387487502190004163e+00 2.116993406685276913e+00
-1.392574294335927165e+00 2.102321971433410486e+00
-1.399559206867416750e+00 2.109427864956671339e+00
-1.404782225136457230e+00 2.138508973976535721e+00
-1.406477173874259190e+00 2.134435442886949641e+00
-1.428582075569446497e+00 2.132219150975573463e+00
-1.431777632461190164e+00 2.131064028386781217e+00
-1.430267750265898696e+00 2.129516151765835197e+00
-1.417121173924007493e+00 2.167085440348649250e+00
-1.417809046792207317e+00 2.164264025321045004e+00
-1.426416654161296371e+00 2.159519281776095756e+00
-1.436165653886276372e+00 2.168750660731733948e+00
-1.445274675239910822e+00 2.181785276890852554e+00
-1.473590434833733420e+00 2.199472632760583135e+00
-1.450801474448999651e+00 2.192637551667284690e+00
-1.441979103517346816e+00 2.192712928815776507e+00
-1.458826599181622274e+00 2.167953806671145234e+00
-1.443665977637380582e+00 2.168568863749703368e+00
-1.441490089522819318e+00 2.174609342008799295e+00
-1.434004159382525234e+00 2.174289388405264756e+00
-1.432653268986468165e+00 2.157031840789341182e+00
-1.440734524488218371e+00 2.158409856664236237e+00
-1.461644384609654068e+00 2.156833993690741913e+00
-1.469240388617936599e+00 2.124905007785725886e+00
-1.474892800425805728e+00 2.113661120338053312e+00
-1.463576761548315508e+00 2.093559744613219031e+00
-1.462277807824196918e+00 2.101421411531257721e+00
-1.462426349581765761e+00 2.106842574256400979e+00
-1.451223360865047329e+00 2.106296385389855530e+00
-1.464050014600035698e+00 2.131202685882878534e+00
-1.472082778817987103e+00 2.137302823885263603e+00
-1.462131313344700700e+00 2.140371576849929625e+00
-1.472458120084538580e+00 2.143278671330237639e+00
-1.476085805074838442e+00 2.148553213335021805e+00
-1.485298391233841109e+00 2.145935687910462519e+00
-1.495033553714753216e+00 2.117315273293409739e+00
-1.493974075900974308e+00 2.133314567244812388e+00
-1.499967268965857414e+00 2.136979167561954274e+00
-1.494905902866351388e+00 2.141112239680351248e+00
-1.467219875421528430e+00 2.144694914087036608e+00
-1.469460656447428848e+00 2.142337352755467883e+00
-1.458619868646551243e+00 2.156129495243237493e+00
-1.437374040497878758e+00 2.144089058944194548e+00
-1.449353732917651572e+00 2.143479925406816644e+00
-1.444132322238658395e+00 2.144493641911203952e+00
-1.426111723941092979e+00 2.145826267697705347e+00
-1.412510992366998730e+00 2.139090740872172880e+00
-1.412863811094384081e+00 2.137557527517637279e+00
-1.406207200027469240e+00 2.138510097092598539e+00
-1.422593994543681184e+00 2.147854272145721222e+00
-1.447206374457927991e+00 2.153223101797532735e+00
-1.459366095854993217e+00 2.158648813476665040e+00
-1.447727010312844120e+00 2.169752196777963160e+00
-1.444681529978265155e+00 2.170554157851465771e+00
-1.463826492867880802e+00 2.147589255967334410e+00
-1.453310484857213591e+00 2.141178676882394161e+00
-1.449700341184624985e+00 2.144287376278952717e+00
-1.479576074483672565e+00 2.134398099833331841e+00
-1.461528515498415004e+00 2.131384810151157438e+00
-1.454542570124256029e+00 2.143393253099190598e+00
-1.466185679547654219e+00 2.144044927636395759e+00
-1.474711619606991597e+00 2.163542777367555736e+00
-1.488028493573049671e+00 2.167715993183187528e+00
-1.470818245000389268e+00 2.172946349359049290e+00
-1.466161627375300203e+00 2.179987150419615105e+00
-1.463531832289798329e+00 2.176225520609536002e+00
-1.466773285006141014e+00 2.190434061964154022e+00
-1.462583118517406078e+00 2.196408053165349372e+00
-1.465966056112499194e+00 2.219121039781733806e+00
-1.467904247350381164e+00 2.219767519951094226e+00
-1.474462314624094050e+00 2.203387094329617657e+00
-1.474638930985359364e+00 2.216529916901593289e+00
-1.464188930079068918e+00 2.227155696914639105e+00
-1.462887623583144947e+00 2.227819399042953563e+00
-1.471910942179431192e+00 2.221854539536879170e+00
-1.468736319306928273e+00 2.216521309138952844e+00
-1.462550021651712218e+00 2.211112356079669272e+00
-1.449580828218052675e+00 2.205778433753467827e+00
-1.452368898902149041e+00 2.192460181982310630e+00
-1.456905323859418733e+00 2.197871946498820783e+00
-1.480915549750722482e+00 2.195714268226774291e+00
-1.501652541752277248e+00 2.212777165348169817e+00
-1.503185962429288480e+00 2.209572156521512731e+00
-1.498042418961757827e+00 2.208798458344903182e+00
-1.471347848987094586e+00 2.220166099813687399e+00
-1.469559143576210980e+00 2.219291826172318238e+00
-1.467311096629317246e+00 2.219164458340430635e+00
-1.470269039830942370e+00 2.219728434077287371e+00
-1.491873308402415610e+00 2.222101810713053460e+00
-1.461379509268995847e+00 2.222382725767160672e+00
-1.479566006531709998e+00 2.217359841555175404e+00
-1.481578816668148724e+00 2.218578019159572978e+00
-1.512425326639905698e+00 2.210505646103109623e+00
-1.521733264281565745e+00 2.193721524822064950e+00
-1.475407567579267276e+00 2.217010844965074945e+00
-1.452125560602404164e+00 2.218926825793428925e+00
-1.458813943068843155e+00 2.224830402192274903e+00
-1.454841918170579396e+00 2.229022320918199629e+00
-1.464680497430131512e+00 2.247824978528086159e+00
-1.465075710888668059e+00 2.250630833220220506e+00
-1.456456497860159738e+00 2.235716531548283204e+00
-1.463206423741145290e+00 2.230982110651847705e+00
-1.428546679077475678e+00 2.195705183709409258e+00
-1.399825998238197755e+00 2.189752394646539368e+00
-1.424619381020417519e+00 2.187710117533842258e+00
-1.434936004025366252e+00 2.187392805351557890e+00
-1.430844693313588989e+00 2.198344942631404564e+00
-1.398866182747811049e+00 2.176555758835761356e+00
-1.397316713948686173e+00 2.179219687539158290e+00
-1.420610980536027634e+00 2.151841647162187066e+00
-1.415991815778841589e+00 2.172167521854728722e+00
-1.418798345321656384e+00 2.184860615673838158e+00
-1.421791276148070438e+00 2.184167992005753955e+00
-1.411646626256289894e+00 2.169995291489639655e+00
-1.421090477001148988e+00 2.182312253637178401e+00
-1.398993318926379237e+00 2.187820887144899196e+00
-1.395075591009414140e+00 2.194938469116215707e+00
-1.394378363956831235e+00 2.186539824196499726e+00
-1.391871746917764385e+00 2.173009998257234177e+00
-1.393525402541327285e+00 2.171852881412942970e+00
-1.401948656748497335e+00 2.188045608300895228e+00
-1.411912259532368985e+00 2.189697730962762101e+00
-1.411453184987315757e+00 2.201836213117543295e+00
