-4.000000000000000000e+00 4.000000000000000000e+00
-3.965157556793592608e+00 3.995644281023133626e+00
-3.932975937647849030e+00 3.993858201093160254e+00
-3.896087364390956598e+00 3.978080377673133938e+00
-3.853886278560394452e+00 3.961118629611332320e+00
-3.815639721214217239e+00 3.956933671604307534e+00
-3.786471918932993841e+00 3.957025516624978145e+00
-3.714937216129210906e+00 3.934025568376941173e+00
-3.679041679955328270e+00 3.914447568157077395e+00
-3.650760705672457362e+00 3.895188005876875526e+00
-3.600361371067333227e+00 3.880866463614310202e+00
-3.556759083883457073e+00 3.867208682751316129e+00
-3.504370017333640508e+00 3.848111033290048333e+00
-3.467724422445368049e+00 3.851086986796074196e+00
-3.404058442431715292e+00 3.839381597603183316e+00
-3.380826671176881959e+00 3.835202994283402500e+00
-3.335209396708289198e+00 3.807976437578908246e+00
-3.301525992833900247e+00 3.785340344340208052e+00
-3.277830849139421687e+00 3.771174229741386608e+00
-3.252567810761705314e+00 3.754415028139472366e+00
-3.204619535528614893e+00 3.735680780822595359e+00
-3.165234080973944764e+00 3.717519770228661979e+00
-3.109082256663564081e+00 3.696338231789705997e+00
-3.103673257619352643e+00 3.699636374151550999e+00
-3.073543312401048055e+00 3.678762880276571501e+00
-3.023587415109197707e+00 3.635813565807910930e+00
-3.007517785905378549e+00 3.626496977582996273e+00
-2.997534608172166770e+00 3.620720214104656609e+00
-2.965167298739133095e+00 3.604040919121731079e+00
-2.909538881979935709e+00 3.562439902454496821e+00
-2.895374777897843810e+00 3.568688985858386342e+00
-2.833563980729504994e+00 3.506455493529319067e+00
-2.818109674879376136e+00 3.502480243142496619e+00
-2.805016730728362884e+00 3.483286961146248029e+00
-2.759912434151087446e+00 3.444294834491907764e+00
-2.690329749558205918e+00 3.401943920194218318e+00
-2.672162248219172032e+00 3.404812495021449337e+00
-2.616870598416609628e+00 3.367675970352191239e+00
-2.611180452669619179e+00 3.372153339281060536e+00
-2.571725713814871916e+00 3.354329367790354954e+00
-2.555474639332903752e+00 3.372097163988610813e+00
-2.521203325814598717e+00 3.376890976462713301e+00
-2.464491766651617510e+00 3.332623629362843509e+00
-2.462691005944614098e+00 3.316062437995504375e+00
-2.439372693765705424e+00 3.315740576518143801e+00
-2.434585876064597088e+00 3.315794643206667835e+00
-2.332986709907200584e+00 3.259210074488370523e+00
-2.324910900599619357e+00 3.254787055631555237e+00
-2.282141750037016692e+00 3.207449369613375456e+00
-2.221811192412388891e+00 3.192537050803960330e+00
-2.199213614988411170e+00 3.202933823133650382e+00
-2.145527147465784878e+00 3.180768074671067591e+00
-2.163611256204917233e+00 3.190759301230096323e+00
-2.126586667475747205e+00 3.162522722184057500e+00
-2.111403860918497077e+00 3.156097175898832763e+00
-2.102578238034959579e+00 3.137430553127672717e+00
-2.077907169278868427e+00 3.091953401910856769e+00
-2.066330932787609598e+00 3.074207528918366350e+00
-2.057093763808116371e+00 3.075603918174797169e+00
-1.970768515576805324e+00 2.999165066120779155e+00
-1.978658242095926445e+00 3.008732266237897246e+00
-1.973645035039953921e+00 3.009318343846081323e+00
-1.924880309544646728e+00 2.981965152558812893e+00
-1.885864906837591892e+00 2.950490759766498883e+00
-1.898757595899688511e+00 2.929575595710006919e+00
-1.913280706380194873e+00 2.935151980754406420e+00
-1.927281387287917536e+00 2.951902777814020773e+00
-1.921217588369268370e+00 2.977913964106976952e+00
-1.907806865189040524e+00 2.996643031811477620e+00
-1.851490229316580027e+00 2.987560141542447756e+00
-1.860886720295782171e+00 2.980386918796667839e+00
-1.843952173173146525e+00 2.971946838056327866e+00
-1.832891367599451815e+00 2.947698437119924186e+00
-1.797160170129771251e+00 2.928757009187604510e+00
-1.784620495112094085e+00 2.889245047912708753e+00
-1.775253454367961004e+00 2.905866734856660472e+00
-1.781437366280710810e+00 2.870867134243619834e+00
-1.777168325304717689e+00 2.859065816745311128e+00
-1.762854832275603467e+00 2.847977465899355742e+00
-1.820938677634542868e+00 2.711901493468584334e+00
-1.818515791252984126e+00 2.694676995066666247e+00
-1.805691562287953023e+00 2.671174085926941721e+00
-1.803206789800236409e+00 2.671444532367491131e+00
-1.802187398021649400e+00 2.671212650723103987e+00
-1.802062168213891091e+00 2.670470619310937543e+00
-1.785213077653911018e+00 2.660651610216287821e+00
-1.788063119253743727e+00 2.649634483216222858e+00
-1.754559392847370169e+00 2.632951717744000053e+00
-1.744433916579353649e+00 2.610422878964826943e+00
-1.748953595780884163e+00 2.610049398793811370e+00
-1.753134607009711132e+00 2.594682415094308858e+00
-1.751179939386222850e+00 2.586885548591784101e+00
-1.740090785201646284e+00 2.537295161153056977e+00
-1.714481988072329877e+00 2.512542714746536454e+00
-1.693356762646712088e+00 2.491494559783866691e+00
-1.684051451747875294e+00 2.487059545811910244e+00
-1.664503380852589753e+00 2.463588211062540889e+00
-1.672250712274594209e+00 2.452498851611836450e+00
-1.670619308860752383e+00 2.463326917138966454e+00
-1.676692422315234632e+00 2.446706669021389668e+00
-1.634358701224796429e+00 2.446045855409161085e+00
-1.648729419237650706e+00 2.420305398433297839e+00
-1.648002110483684390e+00 2.396255190396174406e+00
-1.636004147751899840e+00 2.393671831799244476e+00
-1.623501166101900317e+00 2.350946173386815552e+00
-1.584007394194945739e+00 2.323112253757037671e+00
-1.582599815293449730e+00 2.290427307707426863e+00
-1.583837272248126427e+00 2.273156399639552738e+00
-1.588842588602610517e+00 2.278025500993447139e+00
-1.586299187486053697e+00 2.277833977858782166e+00
-1.575026203618134613e+00 2.262771126540007671e+00
-1.551879490921992177e+00 2.250780503848753167e+00
-1.557839771592451461e+00 2.240358570655025083e+00
-1.556415042699069495e+00 2.241743843470949127e+00
-1.566753108502347391e+00 2.246744677543277557e+00
-1.557334760672155483e+00 2.246140089807191043e+00
-1.555383596911018795e+00 2.242915804353593057e+00
-1.545411532300107416e+00 2.260273905972681074e+00
-1.538324694433976569e+00 2.234964630158889243e+00
-1.531651926605005265e+00 2.226291899447578881e+00
-1.513671943003466414e+00 2.228251257199544089e+00
-1.507369567900853413e+00 2.223763328152632113e+00
-1.484300164992455873e+00 2.220280255765794575e+00
-1.442276082817782967e+00 2.214844689010282863e+00
-1.433589468475420459e+00 2.212971955612420327e+00
-1.433739582625803255e+00 2.232243895612973539e+00
-1.382570927028041519e+00 2.219091940320629064e+00
-1.385052771615802980e+00 2.222018828860324202e+00
-1.384008963718199814e+00 2.212809637820852604e+00
-1.399607473553345027e+00 2.224156585828742649e+00
-1.400606724888085575e+00 2.218534420072473701e+00
-1.398119829382901580e+00 2.223083960679560711e+00
-1.415242663194852257e+00 2.198415566108762764e+00
-1.400770143372202847e+00 2.202775737147282697e+00
-1.405789553853324048e+00 2.198589424099782974e+00
-1.414771588285504533e+00 2.191446347501790015e+00
-1.395986117034439200e+00 2.194725448699051729e+00
-1.367568731647303304e+00 2.181915489904321159e+00
-1.365540560346985011e+00 2.168924353473627331e+00
-1.397740958276630474e+00 2.174111642015297718e+00
-1.391234905130991795e+00 2.177769742086097082e+00
-1.395188915285774378e+00 2.181668150883733226e+00
-1.387110349584131486e+00 2.176233885875342722e+00
-1.417699833245331220e+00 2.155619553187972937e+00
-1.413734221527338519e+00 2.155084124387014022e+00
-1.415142693055390311e+00 2.192388925449674453e+00
-1.418590112080192922e+00 2.182805590381547312e+00
-1.419669715758113293e+00 2.181245308395542981e+00
-1.416264086311987525e+00 2.191944753492470088e+00
-1.406300276177663067e+00 2.204598647267561606e+00
-1.403412571938527087e+00 2.208911376189035991e+00
-1.394963097843983757e+00 2.189429146800417669e+00
-1.380044537232629542e+00 2.184426556120861562e+00
-1.379874024474849969e+00 2.192552628523705138e+00
-1.367398413791950151e+00 2.140238498409234413e+00
-1.376160101122884782e+00 2.141742807705192764e+00
-1.367512845503055630e+00 2.123118882098343985e+00
-1.362623360402353212e+00 2.122200859229864900e+00
-1.367905390612544902e+00 2.114542886714282144e+00
-1.374371482986832316e+00 2.098572010623627637e+00
-1.386329392666188154e+00 2.104904021371664768e+00
-1.385375323842341189e+00 2.100747119977239841e+00
-1.374112718344637107e+00 2.105860885177969433e+00
-1.364137786153537757e+00 2.096085655988293439e+00
-1.340072032080131592e+00 2.093024763877693761e+00
-1.341604850663146609e+00 2.102711550275603525e+00
-1.346888859267479699e+00 2.110824351478835403e+00
-1.345869245444806461e+00 2.109364057095245215e+00
-1.352895140460675938e+00 2.104573590948726203e+00
-1.345427876458722416e+00 2.094140255437503040e+00
-1.346848045865730814e+00 2.097027869536941758e+00
-1.334585519428178157e+00 2.108619933080819742e+00
-1.365090204658535145e+00 2.097349087948089164e+00
-1.373836880193901377e+00 2.087033201126404336e+00
-1.400660092466323725e+00 2.059948629909895690e+00
-1.401546600729071113e+00 2.059075304670828110e+00
-1.395091036481143298e+00 2.057283639725060009e+00
-1.367806827121458069e+00 2.062512359500130010e+00
-1.370968707149588850e+00 2.072721796278170103e+00
-1.374886829635699526e+00 2.075578688707031105e+00
-1.374556253195080791e+00 2.075722119094912888e+00
-1.374729257644662361e+00 2.070337070934539447e+00
-1.387366234611507876e+00 2.064770614793950188e+00
-1.404667038429188164e+00 2.068709134895345247e+00
-1.394177304134059714e+00 2.060372642254268971e+00
-1.416967539080923100e+00 2.068639286875978645e+00
-1.421186227205924357e+00 2.077048572756587497e+00
-1.420981162055531932e+00 2.070003165916355581e+00
-1.420107226726096794e+00 2.081606109734277066e+00
-1.449035373655598313e+00 2.103164540146118089e+00
-1.448405469708152316e+00 2.097197946278498204e+00
-1.426722040121061852e+00 2.111568953694004325e+00
-1.425833776144867837e+00 2.114068517854238216e+00
-1.416802728147501522e+00 2.111063007070689945e+00
-1.413190161213105922e+00 2.120924442647106556e+00
-1.408695725003956900e+00 2.133625523051279504e+00
-1.393594105665206362e+00 2.138052245717744881e+00
-1.400885084592890184e+00 2.140389809432075019e+00
-1.389657978706002828e+00 2.129088363447570131e+00
-1.388435599915873064e+00 2.125661337760891723e+00
-1.386781540889257869e+00 2.125506596944963800e+00
-1.380508289579348569e+00 2.113755688666701271e+00
-1.383951129240566624e+00 2.119090610868159086e+00
-1.376898833103543440e+00 2.128418767876784301e+00
-1.377375244477982319e+00 2.127074273057028009e+00
-1.376585372013298780e+00 2.131350441068363022e+00
-1.362839659441061446e+00 2.127633899615876345e+00
-1.394612431319446788e+00 2.129869789338202146e+00
-1.429561342063910612e+00 2.119518185271759503e+00
-1.428943055057462885e+00 2.117231928118575190e+00
-1.413049294533458067e+00 2.108583078940796884e+00
-1.440727636618594154e+00 2.106737946142915874e+00
-1.450551593697127384e+00 2.114988116820554875e+00
-1.461232770719455898e+00 2.137285408280224619e+00
-1.485467768599784355e+00 2.128507559549443151e+00
-1.479433408458515453e+00 2.127371486308456738e+00
-1.463569896144992555e+00 2.114834530819789560e+00
-1.457939252578047906e+00 2.106318452741482439e+00
-1.460143642738698233e+00 2.110143562429483755e+00
-1.467883836623874894e+00 2.116455675646326196e+00
-1.482251261125242969e+00 2.117987611130953685e+00
-1.472032490943265826e+00 2.107814944716153160e+00
-1.463776087369510703e+00 2.104613130381114416e+00
-1.470606168903716204e+00 2.075565332954467213e+00
-1.425423229958918458e+00 2.057823880603026456e+00
-1.413641428474071704e+00 2.047176513152680677e+00
-1.411985430653073692e+00 2.056089775299422051e+00
-1.401559857890609884e+00 2.051484353993200838e+00
-1.400574718765993820e+00 2.050728012763391117e+00
-1.386512999512177213e+00 2.046362806836963255e+00
-1.373102883597526747e+00 2.034513315496691011e+00
-1.378106434096418864e+00 2.032825824893544020e+00
-1.366583576845578074e+00 2.035650675298201318e+00
-1.367074073517971167e+00 2.042287836092997022e+00
-1.353222017981779546e+00 2.035520001904721266e+00
-1.352419189061445870e+00 2.029565766827165607e+00
-1.355063867841946879e+00 2.030812362013183048e+00
-1.370049066059378040e+00 2.017877533122669931e+00
-1.383798449024449706e+00 2.018551019995572737e+00
-1.382909231914776660e+00 2.031914897412689047e+00
-1.374943570686619987e+00 2.014205660857917746e+00
-1.366117476692953137e+00 2.009624537670337663e+00
-1.369130746628097750e+00 2.016861692783987525e+00
-1.362747334986148307e+00 2.016188839840928004e+00
-1.364547789260239119e+00 2.029006101655339567e+00
-1.356267875229798081e+00 2.039488304759082826e+00
-1.357550923041086932e+00 2.069561237396891684e+00
-1.360803447383162279e+00 2.068594217669603275e+00
-1.365010445201708666e+00 2.078567912747352420e+00
-1.380479837255083053e+00 2.048526916887217997e+00
-1.382147070700989300e+00 2.052723375343834977e+00
-1.373884942462403114e+00 2.044999226053522356e+00
-1.379388476419529663e+00 2.050820519793892238e+00
-1.380197176455629116e+00 2.056146838204744753e+00
-1.394134480411435506e+00 2.063615754528371316e+00
-1.395917146521533869e+00 2.068469314547369375e+00
-1.399787525217398354e+00 2.069176923485145814e+00
-1.392202116398871592e+00 2.084805798989013415e+00
-1.372300401586450169e+00 2.088245712622511352e+00
-1.378354787380508428e+00 2.089873737771776430e+00
-1.393003872648418406e+00 2.058737108819396866e+00
-1.421676626212550643e+00 2.056631178194637588e+00
-1.399689899012100280e+00 2.069597389376195640e+00
-1.394955398487075948e+00 2.066841033202432953e+00
-1.378041284461182459e+00 2.052048894089216535e+00
-1.379003386564148004e+00 2.058645391903175081e+00
-1.384483536875341647e+00 2.063148563101367294e+00
-1.372190971504507750e+00 2.050099103560439229e+00
-1.383327280796553760e+00 2.069464155716310483e+00
-1.386818383640946895e+00 2.077073757560390810e+00
-1.391232943610870576e+00 2.081372703822799153e+00
-1.389413348590208486e+00 2.080318674478681018e+00
-1.391928362523472851e+00 2.082953854582885622e+00
-1.376711381669768031e+00 2.069604034373431212e+00
-1.376124696946162018e+00 2.070605187594583008e+00
-1.383969239746674740e+00 2.075970384325280804e+00
-1.400392607190307226e+00 2.074851846403946265e+00
-1.397504673120090191e+00 2.074623081803582902e+00
-1.395507672252161990e+00 2.070859351717117658e+00
-1.395641874849884889e+00 2.071707945125175421e+00
-1.384562785629162684e+00 2.063712734181699204e+00
-1.380704886143370169e+00 2.060677926403233329e+00
-1.363142869860523465e+00 2.069384339109876514e+00
-1.356573010486831432e+00 2.074451210619989716e+00
-1.346072783173123844e+00 2.059114314227804332e+00
-1.355505240735189965e+00 2.053988160557234544e+00
-1.379893773204967200e+00 2.036782239121798455e+00
-1.399106487907892937e+00 2.064606527119985824e+00
-1.391658821647396183e+00 2.063617162640117630e+00
-1.393141914988366370e+00 2.058695819139330307e+00
-1.386986957715336644e+00 2.074291514528882274e+00
-1.369199516626473212e+00 2.061196513212073533e+00
-1.365516170327669254e+00 2.060935866901437041e+00
-1.356203989612522864e+00 2.070368796907140485e+00
-1.349906087798723453e+00 2.079666593669298180e+00
-1.350949539306771641e+00 2.092039226147627495e+00
-1.351256123392800879e+00 2.093745170267541145e+00
-1.332753835268481124e+00 2.087801375707909468e+00
-1.332086459545455570e+00 2.087191222594032336e+00
-1.330304031316627666e+00 2.081104624166932204e+00
-1.357222089171332247e+00 2.081862183797559496e+00
-1.353122365130485116e+00 2.088194292783617900e+00
-1.351006672336108938e+00 2.089799569875256502e+00
-1.347911430091340401e+00 2.083594756457615826e+00
-1.325633757970695381e+00 2.097212503726418653e+00
-1.325150033493234902e+00 2.077620972786675235e+00
-1.332079558399887009e+00 2.067322895272805106e+00
-1.328764820771744626e+00 2.059542352426567025e+00
-1.352740978171827146e+00 2.054645033380318786e+00
-1.352260755506964562e+00 2.056342682843449232e+00
-1.362384521137833815e+00 2.071315427469234471e+00
-1.356492256340084746e+00 2.067727780127564863e+00
-1.351923010597573693e+00 2.061252820583658885e+00
-1.364114753914267730e+00 2.078843368914209844e+00
-1.367111688970917616e+00 2.052948400917713023e+00
-1.363893721758180133e+00 2.061272016954490471e+00
-1.382299741602188714e+00 2.065479986777111865e+00
-1.395160782796847299e+00 2.074416777414489044e+00
-1.388799309251361525e+00 2.074802264255795059e+00
-1.396619866097485119e+00 2.078396372047421448e+00
-1.391755771940050179e+00 2.067293041999811898e+00
-1.378057796518558309e+00 2.064992684578099258e+00
-1.383700949941700564e+00 2.074240132894098476e+00
-1.413514394805433172e+00 2.067091475697987679e+00
-1.410159226208350658e+00 2.063978127795405015e+00
-1.381729670924860542e+00 2.067742350472653090e+00
-1.371676290015300781e+00 2.077107972934596258e+00
-1.364724889357508797e+00 2.071093836206634897e+00
-1.386813888582475007e+00 2.065955550912115246e+00
-1.389977441535384717e+00 2.070762887396270013e+00
-1.396069089927665541e+00 2.070539905580163875e+00
-1.362030675364770183e+00 2.071159446181607855e+00
-1.365109687265584792e+00 2.074653604338053015e+00
-1.369899728937438388e+00 2.084828956551644907e+00
-1.372798228911786600e+00 2.083365467143836192e+00
-1.363080793797636581e+00 2.079718382812276278e+00
-1.359601517615453670e+00 2.059124493436792491e+00
-1.352818078086001075e+00 2.057701676608880259e+00
-1.357781064625394496e+00 2.062292046407605994e+00
-1.351031699220051063e+00 2.062890594858504567e+00
-1.348826045512172334e+00 2.065988549890085846e+00
-1.351031800151480278e+00 2.071904240279845322e+00
-1.362314565183073034e+00 2.059900937126338594e+00
-1.369355850820917597e+00 2.058429787085759521e+00
-1.356549948908284842e+00 2.060473488775287354e+00
-1.363371470799711993e+00 2.062158615108510951e+00
-1.380318040450959405e+00 2.075884571902829379e+00
-1.377810717724488265e+00 2.073999867627789762e+00
-1.379808224479275314e+00 2.084260390129232920e+00
-1.376443916620502472e+00 2.081717009285903419e+00
-1.371685374423485371e+00 2.089107023078924374e+00
-1.382692814470539933e+00 2.091644697661523722e+00
-1.381134763145246636e+00 2.093244915742454193e+00
-1.378367929744897635e+00 2.093446944422955980e+00
-1.372225069918425300e+00 2.094575105408036819e+00
-1.392957325528230372e+00 2.092442136152239396e+00
-1.388599358379791537e+00 2.084515987068623399e+00
-1.378059611759048009e+00 2.086995714097219956e+00
-1.370521834999219646e+00 2.073622239129476963e+00
-1.374648318499698707e+00 2.066564229147996645e+00
-1.386075070861060965e+00 2.057515181688970518e+00
-1.391497707853737831e+00 2.068634371737647193e+00
-1.396118006486847918e+00 2.068489101802808872e+00
-1.426430618132020545e+00 2.087142174235490977e+00
-1.415945537120685271e+00 2.081109795238328619e+00
-1.435183831015167000e+00 2.090114282553331648e+00
-1.430624358533902685e+00 2.078982394302232528e+00
-1.421973119677779174e+00 2.115990825967657862e+00
-1.421420994246213487e+00 2.110615349829560561e+00
-1.416145200078547717e+00 2.110713716246277016e+00
-1.415508449228347843e+00 2.115597535489199821e+00
-1.398910157748122662e+00 2.105419381491417941e+00
-1.395428197762822453e+00 2.104350257289749226e+00
-1.401517869861910848e+00 2.109233197789835312e+00
-1.400958986580685295e+00 2.112743576966191750e+00
-1.400589342890900646e+00 2.108398729416311568e+00
-1.410192498168363784e+00 2.117258854258767808e+00
-1.415607599808688777e+00 2.130111943600073943e+00
-1.417824661740848091e+00 2.133353454518695624e+00
-1.411036970098386023e+00 2.139167752372754361e+00
-1.411944823701243079e+00 2.136409131729755995e+00
-1.404053397307631235e+00 2.125058142417218576e+00
-1.406261817136038372e+00 2.121266434583789273e+00
-1.413564480359574160e+00 2.123204961316025763e+00
-1.418455397284979158e+00 2.128624521190024321e+00
-1.427819982107759733e+00 2.134220091632987870e+00
-1.416634551130992348e+00 2.129527945030003533e+00
-1.416663002141379302e+00 2.135847444515600380e+00
-1.416888750432591992e+00 2.125700067046603081e+00
-1.418418150646669318e+00 2.120562743253811444e+00
-1.422932780416633403e+00 2.140386521568609979e+00
-1.417650476858354436e+00 2.131719546495235207e+00
-1.416878126954678629e+00 2.128177779642814293e+00
-1.409965064921548938e+00 2.123845112341681052e+00
-1.409047441921788657e+00 2.156007152942073457e+00
-1.394338857233559104e+00 2.156520930893407684e+00
-1.446975088907781704e+00 2.135261866542741416e+00
-1.437190657640360580e+00 2.136108997263474141e+00
-1.427359591315983556e+00 2.140556686250571605e+00
-1.414186688879122800e+00 2.127083683179304963e+00
-1.410310066668825524e+00 2.126070422638186130e+00
-1.409992985594710424e+00 2.120322652145198106e+00
-1.417402442682921704e+00 2.122618173572966782e+00
-1.417394618799024286e+00 2.122629958794657767e+00
-1.418696706646888739e+00 2.122841247113110619e+00
-1.408987146390995315e+00 2.107287254751074368e+00
-1.402082771993806487e+00 2.109140403069625691e+00
-1.404763198489680454e+00 2.107235047343520851e+00
-1.404590700606623832e+00 2.099489803380182540e+00
-1.419069205441454429e+00 2.116896632645265619e+00
-1.422034640450579479e+00 2.121292895474447882e+00
-1.399837407697590352e+00 2.136172023464700143e+00
-1.397417892143070439e+00 2.133226626974716655e+00
-1.402730611775514946e+00 2.143598976468646278e+00
-1.398671727691331190e+00 2.124216091301543763e+00
-1.396814340797588816e+00 2.126427835832564117e+00
-1.391265620386780366e+00 2.132416939544656831e+00
-1.389536834424335066e+00 2.136853687291155435e+00
-1.390754329648357546e+00 2.134569019590198735e+00
-1.393321678862088353e+00 2.131794760549145185e+00
-1.402818585193082779e+00 2.123183034851003903e+00
-1.401100363095630241e+00 2.121341240990032073e+00
-1.376740517157800214e+00 2.124938810215869278e+00
-1.388363654461661101e+00 2.099496036721809844e+00
-1.415120857297898160e+00 2.091059542911740010e+00
-1.414907734085118385e+00 2.102528585524328086e+00
-1.401807115590708142e+00 2.089879912784271987e+00
-1.391339164742959822e+00 2.080811029745398333e+00
-1.379545064503479246e+00 2.075264764498185865e+00
-1.377786071403856116e+00 2.076190466517738198e+00
-1.381145197039886696e+00 2.082329808597240373e+00
-1.383026363206285803e+00 2.080186952993219318e+00
-1.417993726090991613e+00 2.073202446917566277e+00
-1.427203320330349801e+00 2.072241014494144551e+00
-1.427842432497533842e+00 2.072278691063178524e+00
-1.430922167247091981e+00 2.083981220727268990e+00
-1.423914745334776022e+00 2.085186372384547848e+00
-1.469596896172779665e+00 2.079593684676195764e+00
-1.463887914188009454e+00 2.062691317233049659e+00
-1.465111543214049350e+00 2.063339348817206265e+00
-1.472806286994130076e+00 2.055586981908372302e+00
-1.463578250784066004e+00 2.061232594052726075e+00
-1.462841197038299956e+00 2.061539712822493264e+00
-1.468493018259385385e+00 2.067063438435583045e+00
-1.462457577119456564e+00 2.074998220847459773e+00
-1.442578013100942691e+00 2.063376648742250907e+00
-1.428869947578067068e+00 2.058584351260886791e+00
-1.422317293715249509e+00 2.055725720462061812e+00
-1.399576153061118378e+00 2.040595503573649161e+00
-1.388251091956839822e+00 2.040254988319241125e+00
-1.386779830045361539e+00 2.043809588196638050e+00
-1.387536058277279549e+00 2.050059250446689685e+00
-1.374054637963969761e+00 2.047049720860058653e+00
-1.371629390704240725e+00 2.050027643277822609e+00
-1.383198945057962259e+00 2.035932992700502986e+00
-1.382912038155054812e+00 2.030721986777048294e+00
-1.383050867619921132e+00 2.054155238024863550e+00
-1.389482312547716925e+00 2.049895270417160020e+00
-1.387713644142021918e+00 2.051545144945330801e+00
-1.386831947162360690e+00 2.061023250180778810e+00
-1.387063162435529184e+00 2.061472184185822343e+00
-1.390182199633587690e+00 2.062432713359105385e+00
-1.402300436906893211e+00 2.074160728734768977e+00
-1.409432382279354856e+00 2.064901132199036482e+00
-1.412295815082282635e+00 2.069687896116426451e+00
-1.404829909128324950e+00 2.065104045234928520e+00
-1.405572675889123380e+00 2.066330583131195997e+00
-1.396252760632800349e+00 2.085101479914286848e+00
-1.395097312375391585e+00 2.086305213143907267e+00
-1.389630875990111258e+00 2.097777935399077087e+00
-1.383801644951833554e+00 2.096160626071610800e+00
-1.391962345220381758e+00 2.108397728320295705e+00
-1.392025669418067046e+00 2.093797601623225813e+00
-1.391342931875371836e+00 2.084649823818675696e+00
-1.404029517448676989e+00 2.070068959633935890e+00
-1.400792479251227629e+00 2.069225845040224776e+00
-1.401629385110665593e+00 2.069822129476591943e+00
-1.397186979732424117e+00 2.083405189268126012e+00
-1.444751635473763729e+00 2.105153023183261585e+00
-1.433408593905829198e+00 2.106671886746682265e+00
-1.423369726256076495e+00 2.108094994693757496e+00
-1.425549332655225099e+00 2.098641697684119123e+00
-1.431228927626779113e+00 2.098121112792654674e+00
-1.415893227628738371e+00 2.073769564232789353e+00
-1.412191146839136158e+00 2.077447772512975632e+00
-1.389503156130585726e+00 2.070185493759324480e+00
-1.397393055700850928e+00 2.078641308835574630e+00
-1.396507985582807088e+00 2.079996848433748546e+00
-1.406165188129627985e+00 2.078738476993353679e+00
-1.425973025681961381e+00 2.070410025508434337e+00
-1.421207839128888928e+00 2.059702976187498091e+00
-1.431449320681014381e+00 2.055812512853879337e+00
-1.425337772270610870e+00 2.061945314492811931e+00
-1.420444441864464391e+00 2.062809327547483029e+00
-1.429586682216256399e+00 2.058647797736113283e+00
-1.427059906944655232e+00 2.056245054249074222e+00
-1.423739804069525938e+00 2.055139323146899066e+00
-1.432291426172223714e+00 2.043060707889558625e+00
-1.438715276941549437e+00 2.037299300727333673e+00
-1.416943084438081479e+00 2.013844173268539706e+00
-1.407289837045381686e+00 2.025159929884170928e+00
