8.650342761316726081e-01
8.686000388737040723e-01
8.690168840000646044e-01
8.685117946833049718e-01
8.724438993326437686e-01
8.752385093993706455e-01
8.764980555073169644e-01
8.786650733538304836e-01
8.852201774700081405e-01
8.814737939719824444e-01
8.807355375192436053e-01
8.858929719807762115e-01
8.880576571269833686e-01
8.829247987827096855e-01
8.865875565742357134e-01
8.889235578234491175e-01
8.912510635426249550e-01
8.892908597611385302e-01
8.997230944279366316e-01
8.973600316858207915e-01
8.988050399309963634e-01
9.026689051645180317e-01
9.023487602843014432e-01
9.050750798623841131e-01
9.049073519839609947e-01
9.094777360778176778e-01
9.054193767139098181e-01
9.092212104426273811e-01
9.157905063004608825e-01
9.102848972672382688e-01
9.101748961864087883e-01
9.186604055873773822e-01
9.140599597412788491e-01
9.202810307700368675e-01
9.212290184289174677e-01
9.256737986869042478e-01
9.251229529530973217e-01
9.279596461456816048e-01
9.260117863070489452e-01
9.256037604366491589e-01
9.250403060301132241e-01
9.274073607302101285e-01
9.279168410660193489e-01
9.281056137064015443e-01
9.296549241674156860e-01
9.274702344095497875e-01
9.318162803545780859e-01
9.298284513586918543e-01
9.372235412827253365e-01
9.366670015485619727e-01
9.352684115313408819e-01
9.351299489239073282e-01
9.335838131290289388e-01
9.348585851446046258e-01
9.350391928200504355e-01
9.402293609732789159e-01
9.369897510053151191e-01
9.390594763191936201e-01
9.425916974663817172e-01
9.406609606577794880e-01
9.399172465580725166e-01
9.403060252114271433e-01
9.410768714957881143e-01
9.455574447286990702e-01
9.420726171508603253e-01
9.399396802203275891e-01
9.390008360869970261e-01
9.401277803661982624e-01
9.401564209011640250e-01
9.438282490401324054e-01
9.440659675117264449e-01
9.413102165164999313e-01
9.435446148869112148e-01
9.422494336930306025e-01
9.431416256051792235e-01
9.454839135528079197e-01
9.407683420665895468e-01
9.446111620994280811e-01
9.455672102571532900e-01
9.444829853978343737e-01
9.458209085969474517e-01
9.465430612853472647e-01
9.510369743869195869e-01
9.468264152206711248e-01
9.479834811950414997e-01
9.481739024176817354e-01
9.466894494730986320e-01
9.493523895520293854e-01
9.488321040488034708e-01
9.459940804753235177e-01
9.463869854723238051e-01
9.474626798852601173e-01
9.474714338494522048e-01
9.485943044483551301e-01
9.501277777380698897e-01
9.475216632149463525e-01
9.490643406894576639e-01
9.491049767423532790e-01
9.478525532892287941e-01
9.487603227400879247e-01
9.498497514789790985e-01
9.499717918118278925e-01
9.490841375879472963e-01
9.461703891206808548e-01
9.488033806116753510e-01
9.497357805470708625e-01
9.475859788486538093e-01
9.532095670096289997e-01
9.477143415966295947e-01
9.521522518744377495e-01
9.487835286323417217e-01
9.486608255000902323e-01
9.489827677439172104e-01
9.506815127574312907e-01
9.499445079086055177e-01
9.503169783677980487e-01
9.498735040478002434e-01
9.525001088051745501e-01
9.516744704647677189e-01
9.510933755019708169e-01
9.525518231684831916e-01
9.524020811112661189e-01
9.495101584479771484e-01
9.510472823521143315e-01
9.501825128710336132e-01
9.517304707792121343e-01
9.508503443755210727e-01
9.486327644899287259e-01
9.473166035404958496e-01
9.506527923768893773e-01
9.506567127633556158e-01
9.485059532061466125e-01
9.508966423397442469e-01
9.497832130789706229e-01
9.467606625218590866e-01
9.513890352378882032e-01
9.501125452205771982e-01
9.501432832452318955e-01
9.489425794492024613e-01
9.522274036809544873e-01
9.504023762001314601e-01
9.507566250429615451e-01
9.523467055649649238e-01
9.524131079202025063e-01
9.507524593900227305e-01
9.515848577818657450e-01
9.489090484625049005e-01
9.498982210713462493e-01
9.496520348798818123e-01
9.535558183578192182e-01
9.509577934211004280e-01
9.494477875005642442e-01
9.506187103120820048e-01
9.496847806130638281e-01
9.499842668908985432e-01
9.523706656347834532e-01
9.491723614384781627e-01
9.510304449635198498e-01
9.499826824062642672e-01
9.480523457974127099e-01
9.506089250851312844e-01
9.503157734407376989e-01
9.488604774120368290e-01
9.506725570127066982e-01
9.504800147949378220e-01
9.470532348372052711e-01
9.505720287005390290e-01
9.487459005468225071e-01
9.506803227519723398e-01
9.519495194062782550e-01
9.533939125634597334e-01
9.501008040948982769e-01
9.539279190242736517e-01
9.499198750762690713e-01
9.505848983912654759e-01
9.492868795355383638e-01
9.507810187546889003e-01
9.515656840497485058e-01
9.535421116339072301e-01
9.525696534924534831e-01
9.519719084482275440e-01
9.512386940612780339e-01
9.534644699910822530e-01
9.493577422732892845e-01
9.528585152494644106e-01
9.512369006890399881e-01
9.509498288963604828e-01
9.521650390072652348e-01
9.528546777257809186e-01
9.520003723852292765e-01
9.498795587033104226e-01
9.513134631058997037e-01
9.499075299844778053e-01
9.508538469217485689e-01
9.517148292206317750e-01
9.521334366732591148e-01
9.535923436106149564e-01
9.525266701042948148e-01
9.489840117295103017e-01
9.540601948183511372e-01
9.485499464985646112e-01
9.521209116406247341e-01
9.510768106522293763e-01
9.527942487223990398e-01
9.504936908522753081e-01
9.476066697859211185e-01
9.506743445290649630e-01
9.512039087246697555e-01
9.503894311356444469e-01
9.504977818559569025e-01
9.482636511535291746e-01
9.521654586800444298e-01
9.513976266790780123e-01
9.504178310259454587e-01
9.505748653271696158e-01
9.509987569708135968e-01
9.525378298237472396e-01
9.529875226923061327e-01
9.512584713845994022e-01
9.494011338005455825e-01
9.535668699668494730e-01
9.539190191757868087e-01
9.508881065256807874e-01
9.523225672538090381e-01
9.508444843204625352e-01
9.510292634071481066e-01
9.523778767992794325e-01
9.503003543016360632e-01
9.532077683911474031e-01
9.536561564605547936e-01
9.512417023366259716e-01
9.516319821150572844e-01
9.529508710458077791e-01
9.502992076375850194e-01
9.488505343912945200e-01
9.522613430804774959e-01
9.504793351586469097e-01
9.545770275070736277e-01
9.521636593389526393e-01
9.505915295459883563e-01
9.520031636404302500e-01
9.483562003140635355e-01
9.494303172299667359e-01
9.520589104738370612e-01
9.514645022598655633e-01
9.509558106814330891e-01
9.537043823290410893e-01
9.530028489894627475e-01
9.522181271618758158e-01
9.493999678079962923e-01
9.519548742494976512e-01
9.520890898923026757e-01
9.540496480465919804e-01
9.518433997189355011e-01
9.520342755048978312e-01
9.523861533543637181e-01
9.518830874200028269e-01
9.494396899278241264e-01
9.545784462708279960e-01
9.506453367914807773e-01
9.519072765586796825e-01
9.490955697750738107e-01
9.532271901422377791e-01
9.502625139382153696e-01
9.492250880925878764e-01
9.483954653265296297e-01
9.524772002342518640e-01
9.527940817757515335e-01
9.503262148670368337e-01
9.522780962807675387e-01
9.544722797995985886e-01
9.534777024454317296e-01
9.513279829346998895e-01
9.507243571635961565e-01
9.558557128286324645e-01
9.549742062070686321e-01
9.496322367107569162e-01
9.502613874491779855e-01
9.498623018621817904e-01
9.513329869902293900e-01
9.525726619951584428e-01
9.525030696212988257e-01
9.531755608232707067e-01
9.531682180951337457e-01
9.492306592386002828e-01
9.484035253815981115e-01
9.510192677954070195e-01
9.512042265472553382e-01
9.484661009674310028e-01
9.501729799701281731e-01
9.527970498067722671e-01
9.503361460395692850e-01
9.495827131773280083e-01
9.524693286960222993e-01
9.517661150831185912e-01
9.507276943086562238e-01
9.499009882736310084e-01
9.514162577446765301e-01
9.505430149570669451e-01
9.506413344045452352e-01
9.494409790940817606e-01
9.502274912325028300e-01
9.512789989635505039e-01
9.468327778527009242e-01
9.507139233092004593e-01
9.482553287950329368e-01
9.504744682867546368e-01
9.512776224259670288e-01
9.494470759116134806e-01
9.500787391826887029e-01
9.499743277635729344e-01
9.547533846126012858e-01
9.522898980830756255e-01
9.544485578754636768e-01
9.514156573188268240e-01
9.533647457858323016e-01
9.495728872167109591e-01
9.514078121377483876e-01
9.513161906908336185e-01
9.512833612484230539e-01
9.527837161154912859e-01
9.531173251659205148e-01
9.523047178961139281e-01
9.536335829318368651e-01
9.507611608848268725e-01
9.500461427742014076e-01
9.509510656340750545e-01
9.548545317966398160e-01
9.541322629337427585e-01
9.467541364229227208e-01
9.522918127601672778e-01
9.543140831151352144e-01
9.521861294875018089e-01
9.502170438960585441e-01
9.518424653973657223e-01
9.536391156329029339e-01
9.511710647506963490e-01
9.516548711773084035e-01
9.504064379283704289e-01
9.505450584087712373e-01
9.509568947887188095e-01
9.511062680523973967e-01
9.531538448817199471e-01
9.500025212301673738e-01
9.515134810030216883e-01
9.493382148607930615e-01
9.509547653181974480e-01
9.517277495893127215e-01
9.527107543913302390e-01
9.487523327150718666e-01
9.519384692495462819e-01
9.524572077646501489e-01
9.503804126498459626e-01
9.516025482256663670e-01
9.468646115587491252e-01
9.493772053864276694e-01
9.492180121711941698e-01
9.516653681332375436e-01
9.514578926799028835e-01
9.509297395282763077e-01
9.529725887128384088e-01
9.505262366511217920e-01
9.500892959753258760e-01
9.516788590274672943e-01
9.503427321869264421e-01
9.514369841458130139e-01
9.529890238654535883e-01
9.490721317371708654e-01
9.508159132484602649e-01
9.503140140456673990e-01
9.501692684312773585e-01
9.527712381473404379e-01
9.532606962409319040e-01
9.523950787900694603e-01
9.477635035411184905e-01
9.534203037992169394e-01
9.515995502931323680e-01
9.522956685040161462e-01
9.479184761208022669e-01
9.510681849195370408e-01
9.535562156022081570e-01
9.455718914076064463e-01
9.518922497709556563e-01
9.494001958762597893e-01
9.510737955429833246e-01
9.502552939193957826e-01
9.537652406246585057e-01
9.518528659320678598e-01
9.533776953243116026e-01
9.509442655164491720e-01
9.481998287138686532e-01
9.527027056135358718e-01
9.513255482350581049e-01
9.504874494891553116e-01
9.491739335466755634e-01
9.528994980748011212e-01
9.509650490685886970e-01
9.508293968924327322e-01
9.511340270134309716e-01
9.496688806196330601e-01
9.510302593041192187e-01
9.521290510524278439e-01
9.539966054704349663e-01
9.511496750855005233e-01
9.540402087287238597e-01
9.487631990209204336e-01
9.520221267177731983e-01
9.511577429942071893e-01
9.496445310710726062e-01
9.511612098737252108e-01
9.542897837236767877e-01
9.506526303865926453e-01
9.489754073685481295e-01
9.493951957689515941e-01
9.515657160739682263e-01
9.519379465724079337e-01
9.508536090816153141e-01
9.507973025051971172e-01
9.524675033708169813e-01
9.519081747832811580e-01
9.533778240134659354e-01
9.483117195351780104e-01
9.525322287709967473e-01
9.539639345173005491e-01
9.500962231354852516e-01
9.499081035192915579e-01
9.494767254675293700e-01
9.490697135178908228e-01
9.520018232420045523e-01
9.511757528344255697e-01
9.502284726558186678e-01
9.547308988116828266e-01
9.513358517911958412e-01
9.512688096831134477e-01
9.505071211765979688e-01
9.542354434232652727e-01
9.513713874360123501e-01
9.486883327818282918e-01
9.506076059330403893e-01
9.531824937402789688e-01
9.520088259380198314e-01
9.530637851502143931e-01
9.540036972566997564e-01
9.503604075143674557e-01
9.487513065048698291e-01
9.542926962765984067e-01
9.506976059522469491e-01
9.505873249571714645e-01
9.504729937815414864e-01
9.537394748540547473e-01
9.499861035509771234e-01
9.495067736578749473e-01
9.515090845370123285e-01
9.498330707562930852e-01
9.504823189317405108e-01
9.523404602039332589e-01
9.502097222168160995e-01
9.528533461461369258e-01
9.516032316216698206e-01
9.499488275820668903e-01
9.507193122567444421e-01
9.544684257906712599e-01
9.548661132907084736e-01
9.522322696670764142e-01
9.524002453437534488e-01
9.527424306040237489e-01
9.529304528021722565e-01
9.498188697783142009e-01
9.509330693241467847e-01
9.515785748203874350e-01
9.486477866720027796e-01
9.491752433350272300e-01
9.509966779676983784e-01
9.470460694183808759e-01
9.518574822154783899e-01
9.524499689889016629e-01
9.532519972393113106e-01
9.538818771790895656e-01
9.549540624562731228e-01
9.507055558582780952e-01
9.494592287898064864e-01
9.505690867734435390e-01
9.505113537439776605e-01
9.517185471484598258e-01
9.499486098125112798e-01
9.510982017194797855e-01
9.514892259157372578e-01
9.534866618823130135e-01
9.520709053978870795e-01
9.543129251371654798e-01
9.518095217902611260e-01
9.495685907984133811e-01
9.530844141605906428e-01
9.501814826896046728e-01
9.521430667739192444e-01
9.532038309689808697e-01
9.510005051591087222e-01
9.502519294826009544e-01
9.535805556782193104e-01
9.517333251043598175e-01
